678,0,0
1482,2,2
2199,1,1
2299,2,2
2634,1,1
2684,2,2
3183,0,0
3266,1,1
3587,0,0
3670,1,1
3973,2,0
4073,1,2
4407,2,0
4441,1,2
5278,0,1
5344,1,2
5713,0,1
5763,1,2
6147,2,0
6181,1,2
6532,1,2
6548,2,0
7152,0,2
7219,1,0
7870,0,2
9291,2,1
9625,1,0
9910,0,2
10227,2,1
10427,1,0
10529,2,1
10714,1,0
10782,2,1
10948,1,0
11014,2,1
11218,1,0
11283,2,1
11500,1,0
11568,2,1
11738,1,0
11786,2,1
11937,1,2
12006,2,0
12156,1,2
12191,2,0
12426,1,2
12493,2,0
12677,1,2
12728,2,0
12961,0,1
13011,1,2
13229,0,1
13280,1,2
13531,0,1
13581,1,2
13747,0,1
13815,1,2
14017,0,1
14035,1,2
14217,0,1
14268,1,2
14437,0,1
14673,0,2
14773,2,1
15024,2,1
15309,0,2
15343,2,1
15544,0,2
15593,2,1
15861,2,1
16111,2,1
16160,1,0
16360,2,1
16427,1,0
16613,2,1
16697,1,0
16849,1,0
16917,2,1
17087,1,0
17153,2,1
17305,1,0
17523,2,2
17591,1,1
17774,2,2
17809,1,1
18091,0,0
18156,1,1
18326,0,0
18393,1,1
18562,0,0
18631,1,1
18813,0,0
18880,1,1
19114,0,0
19198,1,1
19383,0,2
19450,1,0
19633,0,2
19700,1,0
19852,0,2
19919,1,0
20089,2,1
20291,1,0
20375,2,1
20544,1,0
20626,2,0
20828,1,2
20930,2,0
21065,1,2
21150,2,0
21370,1,2
21438,2,1
21606,1,0
21691,2,1
21923,1,0
21973,2,1
22156,1,0
22207,2,1
22460,1,0
22511,2,1
22710,1,0
22793,2,1
22928,1,0
22994,2,1
23177,1,1
23243,2,2
23361,1,1
23444,2,2
23544,1,1
23794,0,0
23946,2,2
24113,0,2
24263,2,1
24380,0,2
24497,2,1
24580,0,2
24680,2,1
24747,0,2
24848,2,1
24967,0,2
25134,2,2
25217,1,1
25351,2,2
25467,1,1
25583,2,2
25668,1,1
25803,1,1
25971,2,2
26056,1,1
26140,2,2
26307,1,1
26492,2,0
26627,1,2
26777,2,0
26861,1,2
27027,2,0
27128,1,2
27211,2,0
27361,1,2
27445,2,0
27529,1,2
27647,2,0
27866,2,1
28017,2,1
28201,1,0
28570,0,2
28787,1,0
28905,0,1
28973,1,2
29107,0,1
29324,1,2
29460,0,1
29660,1,1
29829,0,0
29927,1,1
30027,0,0
30211,1,2
30363,2,0
30531,1,2
30733,2,1
30901,1,0
31067,2,1
31437,0,2
31605,1,0
31754,0,2
31820,1,0
31988,0,2
32171,1,1
32337,0,0
32471,1,1
32538,0,0
32653,1,1
32720,0,0
32804,1,1
32871,0,0
33040,1,1
33140,0,0
33223,1,2
33308,0,1
33457,1,2
33590,0,1
33724,1,2
33841,0,1
33957,1,2
34041,0,1
34175,1,0
34244,0,2
34343,1,0
34395,0,2
34561,0,2
34644,1,0
34693,0,2
34893,0,2
34912,1,0
35060,0,2
35179,1,0
35280,0,2
35415,0,2
35515,1,0
35617,0,2
35717,1,0
35901,2,1
35984,1,0
36084,2,2
36200,1,1
36299,2,2
36400,1,1
36500,2,2
36584,1,1
36751,2,2
36785,1,1
36884,2,2
36952,1,1
37037,2,1
37103,1,0
37270,2,1
37370,1,0
37453,2,1
37553,1,0
37689,2,1
37821,1,1
37904,2,2
37988,1,1
38088,2,2
38156,1,0
38290,2,1
38407,1,0
38491,2,1
38541,1,0
38723,2,1
38790,1,1
38874,2,2
38974,1,1
39159,2,2
39259,1,0
39527,1,0
39897,2,1
40064,1,0
40166,2,2
40267,1,1
40403,2,2
40603,1,1
40770,2,2
40904,1,1
41055,2,0
41140,1,2
41223,2,0
41289,1,2
41490,2,0
41559,1,2
41657,2,0
41777,1,2
41977,2,0
42077,1,1
42179,2,2
42280,1,1
42381,2,2
42448,1,1
42566,2,2
42633,1,1
42733,2,2
42918,1,2
43020,2,0
43103,1,2
43270,2,0
43404,1,2
43520,2,2
43622,1,1
43740,2,2
43823,0,0
43823,1,1
43974,2,2
44058,0,0
44141,2,2
44175,0,0
44327,2,2
44376,0,0
44493,2,0
44562,0,1
44646,2,0
44714,0,1
44831,0,1
44948,0,1
45050,2,0
45100,0,1
45300,2,0
45367,0,1
45418,2,0
45485,0,1
45569,2,0
45636,1,2
45820,2,0
45871,1,2
45972,2,1
46140,1,0
46240,2,1
46308,1,0
46510,1,0
46613,2,1
46663,1,0
46764,2,1
46847,1,0
46930,2,1
47015,1,1
47117,2,2
47184,1,1
47251,2,2
47353,1,1
47438,2,2
47537,1,1
47603,2,2
47720,1,0
47788,2,1
47890,1,0
47974,2,1
48041,1,0
48141,2,1
48225,1,0
48343,2,1
48410,1,1
48528,2,2
48627,0,0
48727,2,1
48811,0,2
48927,0,2
49011,2,1
49113,0,0
49180,2,2
49246,0,0
49312,2,2
49381,1,1
49482,2,2
49550,1,0
49617,2,1
49684,1,0
49783,2,1
49850,1,1
49984,2,2
50068,1,1
50167,2,2
50251,1,1
50384,2,2
50467,1,2
50569,2,0
50652,1,2
50720,2,0
50819,0,1
51006,2,0
51073,0,1
51173,2,0
51241,0,1
51426,2,0
51511,0,1
51613,2,0
51714,0,1
51781,0,1
51865,2,0
51950,0,2
52301,1,0
52383,0,2
52468,1,0
52569,0,2
52653,1,0
52720,0,2
52821,1,0
52921,0,2
52988,1,0
53090,0,2
53173,1,0
53273,0,2
53390,1,0
53508,0,0
53576,1,1
53676,0,0
53826,1,1
53960,2,2
54028,1,1
54163,2,2
54247,1,1
54332,2,0
54432,1,2
54565,2,0
54632,1,2
54817,1,2
54934,2,0
55001,1,2
55100,2,2
55150,1,1
55251,2,2
55319,1,1
55403,2,2
55470,1,1
55621,1,1
55703,2,2
55770,0,0
55854,2,2
55937,0,0
56021,2,2
56071,0,0
56204,0,0
56321,2,2
56373,0,0
56507,0,0
56609,2,1
56641,0,2
56791,0,2
56890,2,1
56924,0,2
57141,2,1
57226,1,0
57410,1,0
57493,2,1
57880,1,0
58014,2,0
58252,1,2
58420,2,0
58654,1,2
58771,2,0
58956,1,0
59040,2,1
59107,1,0
59224,2,1
59275,1,0
59356,2,1
59440,1,0
59506,2,1
59540,1,0
59641,2,1
59690,1,0
59907,2,0
60191,1,2
60341,2,0
60595,1,2
60697,2,1
60782,1,0
60917,1,0
61000,2,1
61050,1,0
61133,2,1
61184,1,0
61284,2,1
61369,1,2
61488,2,0
61488,0,1
61587,1,2
61703,0,1
61787,1,2
61854,0,1
61973,1,2
62056,0,1
62207,1,2
62207,0,1
62476,0,1
62863,0,1
62913,2,0
63013,0,1
63115,2,0
63199,0,1
63283,2,0
63451,0,1
63551,2,0
63903,0,0
64003,2,2
64089,0,0
64171,2,2
64238,0,0
64322,2,2
64389,0,0
64473,1,1
64539,0,0
64623,1,1
64707,0,0
64774,1,1
64858,0,0
64943,1,1
65009,0,0
65094,1,1
65127,0,0
65211,1,1
65365,1,1
65498,2,0
65664,1,2
65764,2,0
65832,1,2
65950,2,0
65985,1,2
66137,1,2
66238,2,0
66306,1,2
66407,2,0
66474,1,2
66573,2,0
66673,2,0
67025,0,2
67176,0,2
67260,1,0
67344,0,2
67397,1,0
67495,0,1
67563,1,2
67646,0,1
67746,1,2
67813,0,1
67913,1,2
67997,0,1
68099,1,2
68167,0,2
68251,1,0
68353,0,2
68438,1,0
68540,0,1
68623,1,2
68691,0,1
68791,1,0
68874,0,2
69010,1,0
69109,0,2
69194,1,0
69312,0,1
69564,0,1
69698,1,0
69783,0,2
69884,1,2
69951,0,1
70053,1,2
70154,0,1
70290,1,0
70374,0,1
70441,1,2
70542,0,2
70876,0,2
70960,1,0
71028,0,2
71111,1,0
71228,0,1
71312,1,0
71396,0,2
71530,1,0
71646,0,1
71713,1,2
71814,0,2
71899,1,2
72151,0,1
72320,0,1
72384,1,2
72468,0,1
72601,1,1
72685,0,0
72970,0,1
73136,0,2
73237,1,0
73337,0,0
73471,1,0
73687,0,2
73989,1,1
74121,0,2
74205,1,0
74290,0,2
74390,1,0
74474,0,2
74560,1,1
74628,0,0
74728,1,0
74813,0,2
75081,2,1
75114,1,1
75216,2,2
75299,1,1
75402,2,0
75500,1,2
75602,2,0
75684,1,2
75801,2,0
75885,1,2
75969,2,1
76071,1,0
76153,2,1
76254,1,0
76388,2,1
76471,1,0
76573,2,2
76624,1,1
76794,2,2
76895,1,1
76979,2,1
77131,1,0
77230,2,2
77299,1,1
77414,2,1
77499,1,0
77784,2,2
77852,1,1
77937,2,2
78054,1,1
78238,2,0
78371,1,1
78421,2,2
78554,1,1
78638,2,0
78725,1,2
78824,2,2
78908,1,1
79276,1,1
79646,0,0
79646,1,1
79696,2,2
79797,1,1
79797,0,0
79897,2,2
80000,1,1
80067,2,2
80150,1,1
80249,2,2
80319,1,1
80433,2,2
80533,1,1
80616,2,2
80717,1,1
80818,2,0
80935,1,2
81072,2,0
81190,1,2
81291,2,0
81393,1,1
81494,2,2
81578,1,2
81696,2,0
81814,1,1
81883,2,2
82000,1,2
82118,2,0
82251,1,1
82284,2,2
82387,1,1
82470,2,2
82555,1,1
82654,2,0
82772,1,2
82870,2,0
82973,1,1
83056,2,2
83157,1,1
83308,2,0
83477,1,2
83663,2,2
83680,1,1
83797,2,2
83880,1,1
83981,2,0
84065,1,2
84183,2,2
84250,1,1
84383,2,0
84466,1,2
84617,2,2
84685,1,1
84751,2,2
84886,0,0
85020,1,1
85154,1,1
85219,0,0
85320,1,1
85403,0,0
85537,1,2
85653,0,1
85720,1,2
85821,0,0
85904,1,1
86020,0,0
86153,1,2
86253,0,1
86371,1,1
86438,0,0
86557,1,1
86674,0,1
86743,1,2
86877,0,0
86960,1,1
87061,0,0
87194,1,2
87261,0,1
87361,1,2
87511,0,0
87560,1,1
87678,0,0
87761,1,1
87894,0,2
88061,1,0
88144,0,2
88264,1,1
88347,0,0
88449,1,1
88600,0,2
88667,1,0
88770,0,2
88854,1,1
88938,0,0
89073,1,0
89192,0,2
89259,1,0
89377,0,2
89494,1,1
89611,0,0
89697,1,0
89762,0,2
89914,1,1
89997,0,0
90079,1,1
90179,0,2
90315,1,1
90366,0,0
90450,1,1
90584,0,2
90668,1,0
90817,0,2
91000,0,2
91050,2,1
91233,0,2
91317,2,1
91401,0,2
91585,2,2
91684,0,0
91751,2,2
91834,0,0
92153,2,2
92237,0,0
92388,2,2
92623,0,1
92723,2,0
92840,0,1
93024,2,0
93108,0,1
93158,2,0
93242,0,1
93343,2,0
93426,0,1
93545,2,0
93579,0,1
93783,2,1
93884,0,2
94051,2,1
94151,0,1
94235,2,0
94285,0,1
94484,2,0
94585,0,2
94654,2,1
94756,0,1
94856,2,0
94956,0,1
95074,2,0
95176,0,1
95410,0,1
95477,2,0
95595,0,1
95747,2,0
95880,1,2
95980,2,0
96046,1,2
96131,2,1
96216,1,0
96318,2,1
96383,1,0
96551,2,0
96651,1,2
96734,2,1
96919,1,0
97054,2,1
97138,1,2
97288,2,0
97420,1,2
97707,2,1
97791,1,0
97978,2,1
98097,1,1
98300,2,2
98402,1,1
98486,2,1
98588,1,0
98690,2,1
98792,1,1
98876,2,2
98978,1,0
99046,2,1
99114,1,1
99215,2,2
99385,1,0
99503,2,2
99605,1,0
99740,2,2
99858,1,0
99926,2,2
100147,1,0
100248,2,1
100537,1,0
100723,2,2
101096,1,0
101282,2,2
101400,1,1
101485,2,1
101552,1,0
101654,2,1
101737,1,0
101873,2,1
102024,0,0
102158,2,2
102361,0,0
102578,0,0
102678,1,2
102777,0,1
102861,1,2
102960,0,1
103060,1,2
103160,0,1
103260,1,2
103344,0,1
103492,0,1
103593,1,2
103727,0,2
103811,1,0
103913,0,2
104013,1,0
104180,0,2
104281,1,0
104398,0,2
104500,1,0
104600,0,2
104734,0,2
105004,1,2
105121,2,0
105238,1,2
105322,2,0
105456,1,2
105590,2,0
105709,1,2
105811,2,0
105894,1,2
105977,2,0
106094,1,2
106178,2,0
106461,1,0
106677,2,1
106911,1,0
107129,2,1
107180,1,0
107280,2,1
107363,1,0
107446,2,1
107514,1,0
107597,2,1
107680,0,2
107883,2,2
107983,0,0
108067,2,2
108217,0,0
108334,2,2
108451,0,0
108552,2,2
108636,0,0
108720,2,2
108803,0,0
108887,2,2
108973,0,0
109074,2,2
109124,0,0
109274,2,0
109560,0,1
109661,2,0
109744,0,1
109943,2,2
110043,0,0
110126,2,0
110227,0,1
110344,2,0
110427,0,1
110512,2,2
110597,0,0
110746,2,2
110814,0,0
110913,2,2
110964,0,0
111114,2,2
111197,1,2
111383,1,2
111483,2,0
111569,1,2
111669,2,0
111769,1,2
111853,2,0
111954,1,2
112053,2,0
112154,1,2
112238,2,0
112338,1,2
112508,2,0
112608,1,2
112675,0,1
112826,1,1
112911,0,0
113027,1,1
113111,0,0
113245,1,1
113330,2,2
113447,1,2
113547,2,0
113614,1,2
113714,2,0
113782,1,2
113882,2,0
113950,1,2
114050,0,1
114184,1,2
114303,0,0
114403,1,1
114555,0,0
114637,1,1
114805,0,0
114873,1,1
115124,0,1
115242,2,0
115428,2,0
115546,1,2
115664,2,0
115765,1,2
115884,2,1
115951,1,0
116118,0,2
116335,1,0
116419,0,2
116571,1,0
116656,0,2
116924,1,2
117023,2,0
117174,1,2
117259,2,1
117410,1,0
117510,2,0
117643,1,2
117759,2,0
117861,1,2
118028,2,0
118113,1,2
118246,2,0
118315,1,0
118467,2,1
118567,1,2
118686,2,0
118803,1,0
118905,2,0
118987,1,2
119170,2,0
119253,1,0
119403,2,1
119521,1,2
119773,0,2
119807,2,0
119977,0,1
120061,2,1
120263,0,2
120314,2,0
120497,0,1
120582,2,0
120816,0,1
120916,2,1
121050,0,2
121251,2,1
121334,0,2
121470,2,1
121569,0,2
121770,1,0
121970,0,1
122070,1,2
122254,0,1
122370,1,1
122588,0,0
122704,1,1
122837,0,0
122905,1,1
123073,0,0
123140,1,1
123308,0,2
123374,1,0
123608,0,2
123724,1,0
123856,0,0
123957,1,1
124089,0,0
124225,1,1
124341,0,1
124424,1,2
124590,2,0
124757,1,2
124840,2,0
125040,1,0
125123,2,1
126090,1,0
126275,2,1
126376,1,0
126493,2,1
126560,1,0
126711,2,1
126779,1,0
126947,2,1
127031,1,0
127216,2,1
127282,1,0
127452,2,1
127501,1,0
127653,2,1
127720,1,0
127904,2,1
128021,1,0
128121,2,1
128305,0,0
128389,1,1
128475,0,0
128607,1,1
128690,0,0
128824,1,1
128874,0,0
129043,1,2
129093,0,1
129278,1,2
129362,0,1
129515,1,2
129597,0,2
129731,1,0
129781,0,2
129947,1,0
129996,0,2
130113,1,0
130279,1,2
130431,2,0
130515,1,2
130679,2,0
130746,1,2
130863,2,0
130930,1,2
131030,2,2
131164,1,1
131264,2,2
131348,1,1
131466,2,2
131517,1,1
131617,2,2
131851,1,0
131967,2,1
132051,1,1
132151,2,2
132267,1,0
132384,2,1
132418,1,0
132587,2,2
132705,1,0
132790,2,1
132857,1,0
132939,2,1
133025,1,1
133142,0,0
133344,1,0
133543,0,2
133661,1,0
133761,0,2
133844,1,0
133927,0,2
134029,1,0
134146,0,2
134314,1,0
134330,0,2
134497,2,1
134614,1,0
134716,2,1
134783,1,0
134932,2,1
135017,1,0
135134,2,1
135184,1,0
135386,2,2
135470,1,1
135605,2,2
135704,1,1
135854,0,0
136070,1,1
136170,0,1
136287,1,2
136389,0,1
136573,1,2
136591,0,1
136793,1,2
136893,0,1
137043,1,2
137110,0,1
137309,1,2
137326,0,1
137511,1,1
137595,0,0
137746,1,1
137797,0,0
138030,1,1
138196,2,2
138246,1,1
138499,1,1
138718,2,2
138801,1,0
138952,2,1
139185,2,1
139237,1,0
139337,2,1
139486,1,0
139655,2,1
139723,1,0
139875,2,1
139960,1,0
140126,2,1
140359,1,2
140427,2,0
140579,1,2
140646,2,0
140813,1,0
141013,2,1
141114,1,0
141247,2,1
141331,1,0
141431,0,2
141598,1,2
141781,0,1
141881,1,2
142014,0,1
142080,1,2
142213,0,1
142467,1,1
142551,0,0
142717,1,1
142768,0,0
142951,1,1
143151,0,0
143253,1,1
143404,0,0
143487,1,1
143623,0,1
143840,1,2
144041,2,0
144109,1,2
144193,2,0
144377,1,2
144578,2,2
144680,1,1
144812,2,2
144896,1,1
145047,2,2
145096,1,2
145246,2,0
145363,1,2
145550,1,2
145666,2,0
145750,1,2
145983,2,1
146066,1,0
146250,2,1
146334,1,0
146485,2,1
146536,1,1
146688,2,2
146786,1,1
146938,2,2
146988,1,1
147140,0,0
147357,1,0
147424,0,2
147573,1,0
147674,0,2
147823,1,0
147890,0,2
148089,1,2
148155,0,1
148321,1,2
148388,0,1
148590,0,1
148810,1,2
148876,0,1
149079,1,0
149144,0,2
149328,1,0
149328,0,2
149663,1,1
149714,0,0
149832,1,1
150001,2,2
150084,1,1
150237,2,2
150455,1,2
150522,2,0
150694,1,2
150792,2,0
150959,1,2
151026,2,0
151195,1,2
151263,2,0
151413,1,0
151513,2,1
151648,1,0
151714,2,1
151847,1,0
152018,2,1
152102,1,0
152222,2,0
152270,1,2
152339,2,0
152458,1,2
152507,2,0
152624,1,2
152707,2,0
152825,1,2
152977,2,2
153080,1,1
153148,2,0
153250,1,2
153385,1,1
153505,2,2
153620,1,1
153705,2,2
153787,1,1
153874,2,0
153975,1,2
154059,2,0
154159,1,2
154276,2,0
154327,1,2
154479,2,0
154544,1,2
154680,2,1
154763,1,0
154914,2,1
154948,1,0
155048,0,2
155165,1,0
155283,0,2
155450,1,1
155517,0,0
155617,1,1
155666,0,0
155819,1,2
155921,0,1
156020,1,2
156137,0,1
156272,1,2
156289,0,1
156392,2,2
156474,1,1
156590,2,2
156675,1,1
156777,2,2
156844,1,1
156963,2,2
157063,1,2
157165,2,0
157264,1,2
157365,2,0
157448,1,2
157534,2,0
157634,1,2
157736,2,1
157803,1,0
157920,2,1
158005,1,0
158239,1,0
158373,1,0
158591,0,2
158642,1,0
158794,0,2
158845,1,0
158912,0,2
159080,0,2
159163,1,0
159264,0,2
159398,1,2
159498,0,1
159564,1,2
159632,0,1
159818,1,2
159902,0,1
160070,0,1
160337,1,2
160470,2,0
160554,1,2
160639,2,0
160707,1,2
160774,2,0
160857,1,2
160941,2,0
161043,1,2
161076,2,0
161211,1,2
161428,1,2
161544,2,0
161644,1,1
161730,2,2
161813,1,1
161912,2,2
161980,1,1
162080,2,2
162181,1,1
162298,2,2
162382,1,1
162467,2,2
162551,1,1
162634,2,2
162702,1,1
162770,2,2
162971,1,1
163070,2,2
163153,1,1
163254,2,2
163420,1,1
163553,2,2
163704,1,1
164038,0,0
164220,1,1
164237,0,0
164373,0,0
164456,2,2
164541,0,0
164777,1,1
164777,2,2
164831,0,0
164930,1,1
164997,0,1
165099,1,2
165217,0,1
165434,0,1
165652,0,0
165836,0,0
165956,0,0
166072,1,1
166223,0,0
166357,1,1
166424,0,0
166540,1,1
166624,0,0
166893,0,1
167078,0,1
167261,0,1
167496,2,0
167629,0,1
167848,2,0
167932,0,1
168050,2,0
168573,1,2
168590,0,1
168658,2,0
168691,0,1
168708,1,2
168791,2,0
168876,1,2
168876,0,1
168977,2,0
169061,1,2
169061,0,1
169161,2,0
169229,1,2
169229,0,1
169346,2,0
169429,1,0
169429,0,2
169496,2,1
169564,1,0
169680,2,1
169747,1,0
169865,2,1
169946,1,0
170031,2,1
170080,1,0
170180,2,2
170249,1,1
170333,2,2
170400,1,1
170501,2,2
170568,1,1
170719,1,1
170819,2,2
170903,1,1
171005,2,2
171070,1,1
171170,2,2
171254,1,0
171339,2,1
171423,1,0
171523,2,1
171608,0,2
171625,1,0
171676,2,1
171743,0,2
171861,0,2
171876,1,0
172012,1,1
172012,0,0
172161,1,1
172177,0,0
172394,2,2
172511,1,1
172594,0,0
172693,1,1
172761,0,0
172844,1,1
172927,0,0
173011,1,1
173094,0,0
173194,1,1
173263,0,1
173365,1,2
173450,0,1
173549,1,2
173617,0,1
173717,1,2
173784,0,1
173868,1,2
174086,2,2
174170,1,1
174271,2,0
174373,1,2
174441,2,2
174525,1,1
174608,2,2
174675,1,1
174776,2,2
174860,1,1
175029,1,1
175080,2,2
175429,0,0
175446,1,1
175496,2,2
175580,0,0
175596,1,1
175664,2,2
175730,1,1
175748,0,0
175951,2,2
176034,1,1
176119,2,2
176185,1,1
176268,2,2
176335,1,1
176471,2,0
176521,1,2
176624,2,0
176840,1,2
176941,0,1
177060,2,0
177144,0,1
177293,2,0
177461,1,2
177580,2,1
177666,1,0
177800,2,1
177900,1,0
178200,0,2
178283,1,0
178416,0,2
178500,1,0
178583,0,2
178617,2,1
178702,1,0
178720,0,2
178803,2,1
178887,1,0
178887,0,2
178955,2,1
179037,1,0
179138,2,1
179206,1,0
179306,2,1
179390,0,1
179474,2,0
179558,1,2
179575,0,1
179626,2,0
179710,1,2
179710,0,1
179794,2,0
179913,1,2
179963,2,0
180063,1,2
180163,0,1
180246,2,0
180365,1,2
180365,0,1
180466,2,0
180567,0,1
180601,1,2
180635,2,0
180702,0,1
180720,1,2
180989,2,0
181089,1,2
181308,1,1
181393,0,0
181494,2,2
181679,1,1
181779,0,0
181947,2,2
182080,1,1
182148,0,0
182321,2,2
182434,1,1
182501,0,0
182654,2,2
182770,1,1
182887,0,2
183054,2,1
183171,1,0
183288,0,2
183457,2,1
183606,1,0
183690,0,2
183906,2,1
184040,1,0
184240,0,2
184391,1,0
184391,2,1
184626,0,2
184827,1,0
184827,2,1
184944,1,0
184995,0,2
185077,2,1
185127,0,2
185127,1,0
185210,2,1
185293,1,0
185293,0,2
185396,2,1
185443,1,0
185443,0,2
185629,1,0
185797,0,0
185931,2,2
185998,0,0
186083,2,2
186184,1,0
186255,2,1
186336,1,0
186503,1,0
186622,2,1
186690,1,0
186807,0,2
186925,2,1
186992,0,2
187093,2,1
187160,0,2
187261,2,1
187327,0,2
187513,1,1
187663,0,0
187696,2,2
187780,1,1
187899,2,2
187984,1,1
188084,2,2
188169,1,1
188236,0,0
188404,1,2
188472,0,1
188573,1,2
188657,0,1
188773,1,2
188857,0,1
189060,1,2
189414,0,1
189562,1,2
189662,0,0
189781,1,1
189829,0,0
189931,1,1
190067,0,0
190169,2,2
190250,1,2
190368,2,0
190451,1,2
190568,2,0
190635,1,2
190770,0,1
190853,2,0
190938,1,2
190938,0,1
191021,2,0
191088,0,1
191088,1,2
191190,2,0
191324,1,2
191324,0,1
191408,2,0
191509,1,2
191593,2,0
191678,1,0
191797,2,1
191880,1,0
191983,2,1
192050,1,0
192150,2,1
192250,1,0
192334,2,1
192382,1,0
192500,2,1
192617,1,0
192752,2,2
192819,0,0
192936,2,2
193020,0,0
193404,2,2
193575,0,1
193761,2,0
193961,0,1
194060,1,2
194161,0,1
194245,1,2
194346,0,1
194447,1,2
194598,0,1
194649,1,2
194750,0,1
194851,1,2
194900,0,1
195017,1,2
195068,0,1
195119,1,2
195372,2,2
195490,1,1
195657,2,2
195709,1,1
195810,2,2
195894,0,0
195894,1,1
195978,2,2
196062,0,1
196146,2,0
196180,1,2
196180,0,1
196265,2,0
196349,1,2
196349,0,1
196469,2,0
196518,1,2
196535,0,1
196618,2,0
196703,1,2
196803,2,0
196887,1,2
197004,2,0
197053,1,2
197170,2,0
197287,1,2
197355,0,1
197405,2,0
197506,1,2
197506,0,1
197573,2,0
197658,1,2
197658,0,1
197725,2,0
197827,1,2
197827,0,1
197910,2,0
197979,1,0
197979,0,2
198064,2,1
198148,1,0
198148,0,2
198533,1,0
198550,0,2
198603,2,1
198668,0,2
198784,2,1
198900,1,0
198918,0,2
199001,2,1
199203,0,2
199285,2,1
199386,1,0
199403,0,2
199487,2,1
199553,0,2
199688,0,2
199721,1,0
199822,2,1
199873,1,0
199890,0,2
199974,2,1
200041,0,2
200058,1,0
200125,2,1
200192,0,2
200311,1,1
200430,2,2
200481,1,1
200599,2,2
200717,1,1
200884,1,1
200935,2,2
201019,1,1
201137,2,2
201171,1,1
201287,2,2
201371,1,1
201454,2,2
201521,1,1
201639,2,0
201706,1,2
201723,0,1
201808,2,0
201877,0,0
202046,1,1
202046,0,0
202197,1,1
202297,2,2
202382,1,1
202517,2,0
202568,1,2
202686,2,0
202753,1,2
202888,2,0
202937,1,2
203039,2,1
203123,1,0
203208,2,0
203326,1,2
203443,2,0
203543,1,2
203626,2,0
203711,1,0
203793,2,1
203910,1,2
204109,2,0
204126,1,2
204261,2,0
204327,1,2
204394,2,1
204547,1,0
204630,2,1
204750,1,0
204918,2,1
204968,1,0
205050,2,0
205119,1,2
205267,2,0
205419,1,2
205537,2,0
205672,1,2
205739,2,0
205840,1,2
206008,2,0
206074,1,2
206174,2,0
206275,1,0
206343,2,1
206459,1,2
206662,2,1
206763,1,0
206879,2,1
206996,1,0
207081,2,1
207181,1,0
207280,2,1
207364,0,2
207515,0,2
207515,1,0
207664,1,0
207730,0,2
207830,1,1
207914,0,0
208048,1,1
208132,0,0
208216,1,1
208334,0,0
208417,1,1
208533,0,0
208734,0,0
208818,1,1
208903,0,0
209070,1,1
209204,0,2
209287,1,1
209406,0,0
209473,1,1
209557,0,0
209776,1,1
209893,2,2
209993,1,1
210095,2,2
210227,1,1
210311,2,2
210396,1,1
210513,2,2
210615,1,2
210730,2,0
210831,1,2
210948,2,0
211083,1,2
211201,2,0
211316,1,2
211417,2,0
211518,1,2
211717,2,0
211767,1,2
211902,2,0
211986,1,1
212170,2,0
212287,1,2
212405,2,0
212490,1,2
212607,2,0
212724,1,2
212827,2,0
212910,1,2
212993,2,0
213161,1,2
213311,1,2
213327,0,1
213461,0,0
213579,1,1
213680,0,0
213797,1,1
213916,0,0
214034,1,1
214151,0,0
214284,1,1
214484,0,0
214601,1,1
214702,0,0
214803,1,0
214921,0,0
215056,1,1
215090,0,0
215207,1,1
215258,0,0
215374,1,1
215442,0,0
215609,1,1
215810,1,1
215894,0,0
216011,1,1
216094,0,0
216229,1,1
216313,0,0
216430,1,2
216530,0,1
216663,1,2
216747,0,1
216865,1,2
216933,0,1
217282,1,2
217350,2,0
217450,1,2
217568,2,0
217635,1,0
217735,2,1
217820,1,0
217969,2,0
218087,1,2
218189,2,0
218306,1,2
218423,2,0
218542,2,0
218677,1,2
218779,2,0
218863,1,2
219048,1,2
219048,0,1
219216,0,2
219317,1,0
219433,0,2
219617,0,2
219736,1,0
219837,0,2
219939,1,0
219990,0,2
220157,1,0
220225,0,2
220344,1,0
220362,0,2
220444,1,0
220644,1,1
220761,2,2
220861,1,2
220962,2,0
221113,1,2
221180,2,0
221297,1,2
221381,2,1
221515,1,0
221667,2,1
221816,1,0
221884,2,1
221983,1,0
222151,1,2
222304,1,2
222488,0,1
222553,1,2
222738,0,1
222838,1,2
222904,0,1
223054,0,1
223153,1,2
223354,2,0
223439,1,2
223657,1,0
223757,2,1
223857,1,0
223959,2,1
224060,1,0
224193,2,1
224260,1,0
224376,2,1
224459,1,1
224562,2,2
224679,1,0
224729,2,1
224847,1,0
224980,2,1
225081,1,0
225199,2,1
225266,1,0
225350,2,1
225468,1,0
225586,2,1
225653,1,0
225737,2,1
225904,0,2
225971,1,0
226223,1,1
226323,0,0
226490,1,1
226572,0,0
226690,1,1
226742,0,0
226809,1,1
226876,0,0
227029,1,1
227029,2,2
227147,2,2
227230,1,1
227397,1,1
227413,2,2
227496,2,2
227564,1,1
227717,1,1
227783,0,0
227901,1,1
227968,0,0
228071,1,1
228221,2,2
228356,1,1
228423,2,2
228490,1,1
228574,2,2
228673,1,1
228757,2,2
229007,0,0
229007,2,2
229143,2,2
229160,0,0
229328,2,2
229411,0,0
229530,2,2
229596,0,0
229780,1,1
229863,0,0
229996,1,1
230097,0,0
230297,1,1
230315,0,0
230564,2,2
230697,1,1
230782,2,2
230883,1,1
231000,2,1
231084,1,0
231199,2,1
231283,1,0
231385,2,1
231485,1,0
231620,1,0
231737,2,1
231987,1,0
231987,0,2
232054,0,2
232186,1,1
232253,0,0
232353,1,1
232453,0,0
232537,1,1
232656,1,0
232790,2,1
232872,1,0
232957,2,1
233076,1,0
233327,0,2
233561,1,0
233626,0,2
233777,1,0
233827,0,2
234043,1,1
234060,2,2
234227,2,2
234294,1,1
234410,2,2
234493,1,1
234676,0,0
234894,1,1
234962,0,0
235147,1,1
235198,0,0
235414,1,2
235598,2,0
235681,1,2
235780,2,0
235848,1,2
236080,0,0
236281,1,1
236366,0,0
236450,1,1
236501,0,0
236771,1,1
236954,2,0
237022,1,2
237123,2,2
237189,1,1
237391,0,0
237507,0,0
237507,1,1
237607,2,2
237692,1,1
237692,0,0
237793,2,2
237878,1,1
238077,1,1
238177,2,2
238260,1,0
238345,2,1
238461,1,0
238529,2,1
238613,1,0
238713,2,1
238780,1,0
238879,2,1
238980,1,2
239081,2,0
239181,1,2
239331,1,2
239481,2,0
239597,1,2
239698,2,0
239816,1,2
239983,1,2
239983,2,0
240184,2,0
240184,1,2
240383,2,0
240482,1,2
240567,2,0
240717,2,2
240886,2,1
241054,2,0
241205,2,2
241391,2,1
241557,2,0
241760,2,2
241760,1,1
241960,1,2
242146,1,0
242300,1,1
242466,1,2
242636,0,2
242787,1,1
242902,0,1
243154,0,1
243355,1,0
243456,0,0
243574,2,2
243690,1,1
243807,2,2
243907,0,1
243925,1,2
244009,2,0
244110,1,2
244110,0,1
244211,2,0
244261,1,2
244361,2,0
244446,1,0
244547,2,1
244614,1,1
244716,2,2
244817,1,1
244918,2,2
245003,1,0
245087,2,1
245188,1,0
245289,2,1
245374,1,1
245460,2,2
245576,1,0
245661,2,2
245729,1,1
245913,2,2
246013,1,0
246096,2,1
246180,1,0
246280,2,1
246348,1,1
246464,2,2
246547,1,0
246647,2,2
246749,1,1
246834,2,2
246967,1,0
247051,2,1
247102,1,1
247339,2,2
247455,1,0
247524,2,1
247639,1,1
247723,2,2
247823,1,0
247925,0,0
248127,0,2
248260,1,1
248344,0,0
248444,1,1
248528,0,0
248594,1,1
248696,0,0
248831,1,1
248899,0,0
249030,1,2
249115,0,1
249199,1,2
249266,0,1
249367,1,2
249451,0,1
249553,1,0
249604,0,2
249770,1,0
249853,2,1
249953,1,1
250053,2,2
250169,1,0
250356,1,0
250457,2,1
250558,1,0
250726,1,0
250826,2,1
250910,1,0
251011,2,2
251111,1,1
251246,2,2
251347,1,1
251449,2,2
251550,0,0
251735,1,0
251853,1,0
251886,0,2
251987,1,0
252087,0,2
252204,1,0
252256,0,2
252578,1,1
252646,0,1
252730,1,2
252780,0,1
252882,1,0
253000,0,2
253084,1,0
253167,0,2
253267,1,0
253350,0,2
253467,1,0
253535,0,2
253754,1,0
253937,2,2
254004,1,1
254154,2,2
254206,1,1
254442,0,0
254629,1,2
254711,0,1
254810,1,0
254895,0,2
255030,1,0
255130,0,2
255230,1,2
255347,1,2
255446,2,0
255547,1,2
255663,2,0
255698,1,2
255799,2,0
255883,1,2
255999,2,0
256083,1,2
256183,2,0
256284,1,2
256386,2,0
256553,0,1
256687,1,0
256838,0,2
256955,1,1
257040,0,0
257273,2,2
257373,0,0
257557,2,2
257691,0,1
257774,2,0
257876,0,1
257960,2,0
258043,0,1
258211,0,1
258360,0,1
258462,2,0
258530,0,0
258631,2,2
258682,0,0
258850,1,2
259003,2,0
259087,1,2
259205,2,0
259273,1,2
259357,2,0
259458,1,0
259593,0,2
259692,1,0
259810,0,2
259927,1,0
259992,0,2
260143,1,0
260361,2,1
260394,1,0
260511,2,1
260611,1,1
260696,2,2
260795,1,1
260880,2,2
260980,1,1
261081,2,2
261163,1,1
261265,2,2
261382,1,1
261552,0,0
261703,1,0
261787,0,2
261904,1,0
261987,0,2
262089,1,0
262190,0,2
262290,1,0
262375,0,2
262544,0,2
262677,1,0
262694,0,2
262865,1,0
262999,1,1
263100,2,2
263217,1,1
263404,2,2
263550,1,1
263652,2,0
263735,1,2
263837,2,1
263937,1,0
264039,2,1
264140,1,0
264223,2,1
264325,1,0
264408,2,0
264492,1,2
264593,2,0
264693,1,2
264760,2,0
264859,1,2
264959,0,1
265111,1,2
265211,0,1
265326,1,2
265427,0,1
265545,1,2
265647,0,1
265748,1,2
265813,0,1
265966,1,2
266150,0,2
266283,1,0
266384,0,2
266500,1,0
266617,0,2
266734,1,0
266833,0,2
266967,1,0
267050,0,2
267150,1,0
267184,2,1
267387,1,0
267487,2,2
267571,1,1
267705,2,2
267787,1,1
267906,2,2
267990,1,1
268089,2,2
268191,1,1
268293,2,2
268343,1,1
268460,2,2
268527,1,1
268627,2,1
268813,2,1
268846,0,2
268948,2,1
269016,0,2
269183,2,1
269250,0,2
269334,2,1
269484,0,2
269567,2,1
269668,0,2
269836,2,1
269919,0,2
270002,2,0
270171,1,2
270254,2,0
270338,1,2
270439,2,0
270557,1,2
270660,2,0
270710,1,2
270810,2,0
270944,1,2
271027,2,0
271111,1,2
271280,0,1
271382,2,2
271449,1,1
271499,0,0
271617,2,2
271716,1,1
271833,2,2
271933,1,1
272101,1,1
272201,2,2
272286,1,1
272387,2,2
272453,1,1
272555,2,0
272637,1,2
272770,0,1
272954,1,2
273004,0,1
273070,1,2
273187,0,1
273338,0,1
273556,1,2
273691,0,1
273792,1,2
273927,1,2
274011,2,0
274113,1,2
274212,2,0
274280,1,2
274331,2,0
274447,1,2
274532,2,0
274633,1,0
274733,2,1
274849,1,0
274951,2,1
275034,1,0
275184,2,1
275322,0,2
275404,1,0
275522,0,2
275606,1,0
275705,0,2
275790,1,0
275906,0,2
275989,1,0
276091,0,2
276175,1,1
276277,0,0
276377,1,1
276477,0,0
276561,1,1
276644,0,0
276796,0,0
276913,1,1
277031,1,0
277114,2,1
277282,1,0
277401,0,2
277435,2,1
277619,0,2
277703,2,1
277787,0,2
277904,2,1
278005,0,0
278106,2,2
278190,0,0
278272,2,2
278356,0,0
278472,2,2
278541,0,2
278674,2,1
278759,0,2
278843,2,1
278928,0,2
279013,2,1
279097,0,2
279182,2,2
279266,0,0
279367,2,2
279452,0,0
279571,2,2
279739,2,2
279806,1,1
279926,2,0
280009,1,2
280110,2,0
280210,1,2
280328,2,0
280427,1,2
280544,2,0
280627,1,2
280746,2,0
280846,1,2
280948,2,0
281198,1,2
281299,0,1
281401,2,2
281516,0,0
281601,2,2
281684,1,1
281837,2,2
281938,1,1
282040,2,2
282157,1,1
282258,2,2
282341,1,1
282427,2,2
282493,1,1
282577,2,2
282662,1,2
282763,2,0
282930,2,0
283081,2,0
283216,1,2
283233,2,0
283516,2,0
283884,2,0
284101,1,2
284236,1,1
284371,1,1
284522,1,1
284658,1,1
284993,1,1
285311,1,1
285515,0,0
285667,0,0
285802,0,0
285969,0,0
286304,0,0
286641,0,0
286877,1,2
287044,1,2
287210,1,2
287410,1,2
287760,1,2
288080,1,2
288317,2,0
288481,2,2
288665,2,0
288817,2,2
289167,2,2
289488,2,1
289741,1,0
289907,1,0
290058,1,0
290260,1,0
290628,1,0
290963,1,0
291148,0,0
291314,0,1
291482,0,2
291666,0,2
291966,0,2
292300,0,2
292517,1,0
292669,1,0
292837,1,0
293019,1,0
293421,1,0
293723,1,0
293977,2,1
294144,2,1
294296,2,1
294496,2,1
294713,2,2
294997,2,0
295280,2,1
295446,2,1
295597,2,1
295747,2,0
295899,2,0
296050,2,0
296200,2,0
296350,2,0
296483,2,0
296634,2,2
296768,2,1
296917,2,0
297084,2,2
297253,2,1
297403,2,0
297554,2,2
297689,2,1
297840,1,0
297975,1,1
298128,1,2
298277,1,1
298428,1,2
298581,1,0
298714,1,1
298832,1,2
299000,0,1
299133,0,1
299266,0,1
299419,0,1
299720,0,1
299973,0,1
300124,1,2
300258,1,0
300393,1,2
300527,1,0
300779,1,0
301013,1,1
301163,0,1
301298,0,1
301450,0,1
301583,0,1
301783,0,1
301985,0,1
302155,1,2
302287,1,1
302422,1,0
302557,1,0
302724,1,0
302890,1,0
303059,0,2
303211,0,0
303344,0,1
303495,0,0
303662,0,1
303848,0,2
304033,1,0
304217,1,0
304419,1,2
304687,1,1
304940,1,2
305140,1,1
305340,1,0
305527,1,2
305729,1,1
305930,1,0
306181,1,1
306418,2,1
306601,2,2
306787,2,0
306987,2,1
307189,2,2
307423,1,0
307607,1,1
307826,1,2
308010,1,1
308143,0,0
308260,1,1
308343,0,0
308443,1,1
308509,0,0
308609,1,1
308877,1,1
308961,2,2
309044,1,1
309112,2,2
309198,1,1
309266,2,2
309335,1,1
309417,2,2
309484,1,1
309569,2,2
309619,1,1
309721,2,2
309789,1,1
309874,2,2
310024,2,2
310141,2,2
310259,1,1
310378,2,2
310427,1,1
310528,2,2
310612,1,1
310679,2,2
310746,1,1
310814,2,2
310898,1,1
310983,2,2
311051,0,2
311151,1,0
311202,0,2
311287,1,0
311355,0,2
311438,1,0
311523,0,2
311608,1,0
311691,0,2
311758,1,0
311826,0,2
311910,1,0
311994,0,2
312079,1,0
312130,0,2
312215,1,0
312298,0,2
312400,2,2
312449,1,1
312550,2,0
312636,1,2
312718,2,0
312786,1,2
312871,2,0
312938,1,2
313039,2,0
313125,1,2
313207,2,0
313293,1,2
313394,2,0
313478,1,2
313561,2,0
313627,1,2
313712,2,0
313779,1,2
313914,0,1
314016,1,2
314133,0,0
314217,1,1
314303,0,0
314386,1,1
314455,0,0
314556,1,1
314623,0,0
314723,1,1
314807,0,0
314925,1,1
314959,0,0
315043,1,1
315091,0,0
315258,1,2
315342,2,0
315427,1,2
315527,2,0
315595,1,2
315696,2,0
315780,1,2
315897,2,0
316000,1,2
316067,2,0
316152,1,2
316253,2,0
316339,1,2
316405,2,0
316504,1,2
316653,0,1
316755,1,1
316839,0,0
316956,2,2
317040,0,0
317224,0,0
317309,1,1
317411,0,0
317493,1,1
317577,0,0
317661,1,1
317712,0,0
317813,1,1
317848,0,0
318048,1,0
318133,2,1
318217,1,0
318302,2,1
318402,1,0
318519,2,1
318603,1,0
318688,2,1
318772,1,0
318857,2,1
318958,1,0
319043,2,1
319143,1,0
319294,2,1
319294,1,0
319478,0,2
319579,1,0
319629,2,1
319730,1,0
319730,0,2
319830,2,1
319932,1,0
319932,0,2
320102,1,1
320102,0,0
320287,1,2
320405,1,2
320507,2,0
320574,1,2
320675,2,0
320709,1,2
320778,2,0
320878,0,1
320961,1,2
321131,1,1
321198,0,0
321283,1,1
321368,0,0
321503,1,1
321537,0,0
321639,1,1
321705,0,0
321790,1,1
321891,0,0
321975,1,1
322010,0,0
322111,1,1
322177,0,0
322327,2,2
322378,0,0
322460,2,2
322561,0,0
322660,2,2
322727,0,0
322829,2,0
322913,0,1
322996,2,0
323080,0,1
323180,2,0
323296,0,1
323396,2,0
323446,0,1
323564,2,0
323682,1,1
323748,2,2
323849,1,1
323934,2,2
324050,1,1
324133,2,2
324232,1,1
324352,2,2
324400,1,1
324483,2,2
324620,1,1
324856,2,2
324956,1,1
325106,2,2
325173,0,0
325240,2,0
325324,0,1
325424,2,1
325526,0,0
325610,2,2
325694,0,0
325779,2,0
325881,0,1
325947,2,0
326033,0,1
326149,2,0
326183,0,1
326268,2,0
326368,0,1
326452,1,2
326571,0,1
326671,1,1
326739,0,0
326840,1,1
326923,0,0
327024,1,1
327108,0,0
327208,1,1
327274,0,0
327374,1,1
327476,0,0
327561,1,1
327644,0,0
327727,1,1
327793,0,0
327996,1,2
328063,2,0
328164,0,1
328247,2,0
328247,1,2
328331,1,0
328331,0,2
328399,2,1
328502,1,0
328502,0,2
328585,2,1
328669,1,0
328771,2,1
328871,1,0
328990,2,1
329040,1,0
329125,2,2
329241,1,2
329309,2,0
329407,1,2
329475,0,1
329660,1,2
329660,0,1
329758,1,2
329826,0,1
329911,2,0
329997,0,1
330063,1,2
330147,0,1
330232,1,2
330316,0,1
330434,1,2
330484,0,1
330551,1,2
330617,0,1
330735,2,1
330785,1,0
330887,2,0
330938,1,2
331021,2,0
331120,1,2
331203,2,0
331324,1,2
331407,2,0
331473,1,2
331573,2,0
331657,1,2
331741,2,0
331844,1,2
331928,2,0
332044,1,2
332194,1,2
332261,2,0
332411,2,2
332497,1,1
332598,2,2
332698,1,1
332849,1,1
333033,2,2
333133,1,1
333216,2,2
333301,1,1
333401,0,0
333469,2,2
333538,1,1
333538,0,0
333605,2,2
333706,1,1
333723,0,0
333857,1,1
333957,2,2
334026,0,0
334043,1,1
334126,2,2
334211,1,1
334211,0,0
334277,2,2
334511,1,1
334646,2,2
334683,0,0
334764,2,2
334865,1,1
334865,0,0
334982,2,2
335068,1,1
335167,2,2
335284,1,1
335284,0,0
335383,2,2
335450,0,0
335598,0,0
335615,1,1
335716,2,2
335801,0,0
335801,1,1
335985,2,2
336036,1,2
336121,2,0
336204,1,2
336343,2,0
336394,1,2
336627,0,1
336627,1,2
336747,0,1
336813,1,2
336930,0,1
337013,1,2
337115,0,2
337199,1,0
337267,0,2
337369,1,0
337419,0,2
337521,1,0
337739,0,2
337806,2,1
337908,1,0
337908,0,2
337992,2,1
338076,1,0
338076,0,2
338144,2,1
338212,1,0
338229,0,2
338315,2,1
338480,0,1
338480,1,2
338563,2,0
338648,1,2
338648,0,1
338731,2,0
338816,0,1
338867,1,2
338901,2,0
338985,1,2
338985,0,1
339104,2,0
339189,1,2
339189,0,1
339287,2,1
339338,1,0
339338,0,2
339440,2,0
339524,1,2
339524,0,1
339608,2,0
339709,0,2
339794,2,0
339876,1,2
339876,0,1
339960,2,0
340131,2,2
340229,1,1
340329,2,0
340396,0,1
340464,2,0
340548,1,2
340631,2,0
340733,1,2
340733,0,1
340835,2,0
340937,0,1
340954,1,2
341022,2,0
341123,1,1
341123,0,0
341208,2,2
341289,0,0
341306,1,1
341408,2,2
341493,1,1
341493,0,0
341593,2,2
341661,1,1
341661,0,0
341744,2,2
341794,0,0
341794,1,1
341997,0,0
342114,1,2
342266,0,2
342382,1,0
342450,0,2
342551,1,0
342617,0,2
342704,1,0
342771,0,2
342891,1,0
342924,0,2
343026,1,0
343092,0,2
343192,1,0
343376,0,2
343444,1,0
343593,1,0
343761,2,2
343829,1,1
343930,2,2
343998,1,1
344230,1,1
344331,2,2
344430,1,1
344531,2,2
344581,1,2
344748,2,0
344799,1,2
344900,1,2
345066,0,0
345202,1,1
345303,0,0
345421,1,1
345421,0,0
345590,1,1
345675,0,0
345776,1,1
345877,0,2
345978,1,0
346064,0,2
346165,1,0
346214,0,2
346382,1,1
346400,2,2
346534,2,2
346601,1,1
346686,2,2
346786,1,1
346936,2,2
346954,1,1
347153,2,2
347253,1,1
347406,1,1
347406,0,0
347538,2,2
347656,1,1
347656,0,0
347775,1,0
347943,1,0
348044,0,2
348146,1,1
348280,0,0
348381,1,1
348466,0,2
348553,1,0
348601,0,2
348720,1,1
348837,0,0
348937,1,1
349040,0,0
349158,1,0
349291,1,0
349442,0,2
349561,1,2
349678,0,0
349763,1,1
349865,0,0
349946,1,0
350080,0,1
350266,0,1
350336,1,2
350569,1,1
350703,2,0
350836,1,0
350920,2,2
351103,1,2
351288,1,2
351372,2,1
351489,1,0
351607,2,2
351657,1,1
351725,2,0
351827,1,2
351960,0,0
352244,0,2
352346,1,2
352399,0,1
352533,1,1
352650,0,2
352752,1,2
352852,0,0
352986,1,0
353053,0,2
353337,1,0
353488,2,2
353553,1,2
353671,2,1
353722,1,0
353821,2,2
353920,1,1
354039,2,2
354091,1,1
354289,2,1
354389,1,0
354490,2,2
354572,1,1
354658,2,2
354807,0,2
358397,2,1
358480,1,0
358614,2,1
358732,1,0
358833,2,1
359267,2,1
359567,1,0
359817,2,1
360035,1,0
360286,0,2
360370,1,0
361106,1,0
362064,0,1
362934,1,2
363686,0,1
364486,1,2
366091,2,0
367010,1,2
