878,0,0
1129,2,2
1265,0,0
1415,2,2
1634,1,1
1868,2,2
2141,1,1
2372,2,1
2642,0,2
2894,2,2
3161,1,1
3412,2,1
3681,0,2
3950,1,1
4236,2,2
4468,1,0
4720,0,2
5006,1,1
5257,2,2
5541,1,0
5808,0,2
6059,1,1
6329,2,1
6581,1,0
6849,0,0
7119,1,0
7389,2,1
7658,1,0
7909,0,0
8160,1,1
8429,2,1
8664,1,0
8933,0,2
9203,1,1
9472,2,1
9726,1,0
9992,0,0
10261,1,1
10528,2,1
10780,1,0
11029,0,0
11313,1,1
11585,2,1
11855,1,0
12121,0,2
12390,1,2
12626,2,1
12894,1,0
13164,0,1
13415,0,0
13682,1,2
13952,2,0
14188,2,1
14505,2,0
14724,1,2
15010,1,0
15263,0,1
15531,0,1
15798,1,1
16034,1,2
16307,0,2
16558,0,0
16841,2,2
17043,2,2
17262,0,2
17433,0,0
17566,2,2
17631,1,1
17764,2,1
17848,1,0
17949,2,1
18100,0,0
18185,1,1
18201,0,0
18286,2,2
18370,1,1
18404,0,0
18471,2,1
18556,1,0
18655,2,1
18723,1,0
18840,2,1
18910,1,1
19011,2,2
19096,1,1
19213,2,1
19281,1,0
19400,2,1
19485,1,1
19585,2,2
19636,1,1
19737,2,1
19807,1,0
19908,2,1
19973,1,1
20074,2,2
20142,1,1
20242,2,1
20326,1,0
20411,2,1
20479,1,0
20579,2,0
20664,1,2
20731,2,0
20814,1,1
20898,2,2
20965,1,1
21050,2,0
21136,1,2
21219,2,0
21304,1,2
21404,2,1
21472,1,0
21623,2,2
21706,1,1
21808,2,0
21875,1,2
21960,2,2
22046,1,1
22146,2,1
22214,1,0
22298,2,0
22366,1,2
22432,2,0
22518,1,2
22719,1,2
22838,2,1
22922,1,0
23006,2,1
23077,1,0
23160,2,1
23245,1,2
23331,2,0
23398,1,2
23499,2,0
23567,1,0
23652,2,1
23717,1,0
23801,2,1
23870,1,0
23969,2,0
24018,1,2
24102,2,0
24186,1,2
24319,0,1
24419,1,0
24503,0,2
24607,1,0
24687,0,0
24756,1,1
24838,0,0
25008,2,1
25075,0,2
25176,2,1
25261,0,0
25348,2,2
25414,0,0
25497,2,1
25564,0,2
25648,2,1
25715,0,2
25799,2,1
25886,1,2
26035,2,0
26086,1,1
26205,2,2
26272,1,1
26358,2,0
26460,1,2
26544,2,0
26661,0,1
26781,2,2
26864,0,0
26950,2,2
27050,0,2
27137,2,1
27253,0,1
27370,2,0
27523,1,0
27610,2,1
27678,0,2
27729,1,0
27815,2,1
27915,1,2
28032,2,0
28117,1,2
28251,2,0
28318,1,2
28420,2,0
28504,1,0
28639,2,1
28723,1,0
28823,2,2
28923,1,1
29008,2,1
29091,1,0
29193,0,2
29277,1,0
29378,0,2
29479,1,0
29581,0,2
29680,1,2
29781,0,1
29866,1,2
29967,0,1
30050,1,2
30171,0,2
30270,1,0
30457,0,1
30510,1,2
30609,0,1
30694,1,2
30778,0,1
30879,1,2
30948,2,2
31016,0,0
31134,2,2
31219,1,2
31355,2,0
31422,1,1
31524,2,2
31592,1,1
31690,2,0
31775,1,2
31893,2,2
31993,1,1
32096,2,2
32163,1,2
32233,2,0
32485,1,2
32637,2,2
32721,1,1
32807,2,1
32907,1,0
32990,2,0
33058,1,2
33126,2,0
33311,1,0
33479,2,0
33629,1,2
33829,2,0
33946,1,2
34264,2,0
34347,1,2
34431,2,1
34517,1,0
34599,2,1
34667,1,0
34750,2,1
34935,1,0
35154,0,2
35373,1,2
35594,0,1
35711,1,2
35846,2,0
36047,1,2
36132,0,2
36183,2,1
36252,1,0
36353,2,1
36437,0,2
36437,1,0
36505,2,1
36573,1,0
36573,0,2
36674,2,1
36775,1,0
36775,0,2
36843,2,1
36926,1,0
37027,2,1
37110,1,0
37212,2,1
37312,1,0
37447,2,1
37532,1,2
37634,2,0
37733,1,2
37852,2,1
37936,1,0
38037,2,1
38121,1,0
38221,2,0
38306,1,2
38390,2,0
38475,1,2
38559,2,0
38643,1,1
38745,2,2
38829,1,1
38930,2,2
39015,1,0
39098,2,1
39182,1,2
39282,2,0
39401,1,2
39486,2,1
39568,1,0
39670,2,1
39738,1,0
39823,2,1
39921,1,2
39989,2,0
40072,1,2
40141,2,0
40224,1,2
40309,2,1
40394,1,0
40498,2,1
40583,1,0
40667,2,1
40767,1,2
40835,2,0
40919,1,2
41038,2,0
41122,1,2
41222,0,2
41340,1,0
41406,0,2
41523,1,2
41609,0,1
41708,1,2
41775,0,2
41892,1,0
41975,0,2
42075,1,0
42141,0,2
42259,1,1
42377,0,0
42478,1,2
42565,0,1
42666,1,2
42750,0,1
42833,1,2
42918,0,0
43072,0,0
43224,0,0
43409,0,1
43493,2,0
43562,0,1
43662,2,0
43762,0,1
43863,2,1
43963,0,2
44063,2,1
44164,0,2
44331,2,2
44446,0,0
44513,2,2
44614,0,0
44681,2,1
44815,0,2
44999,1,0
45104,2,1
45169,1,1
45404,2,2
46045,1,0
46617,2,1
46685,1,1
46803,2,2
46873,1,1
46970,2,1
47071,1,0
47190,2,0
47625,1,2
48148,1,0
48737,0,1
48839,1,2
48957,0,2
49059,2,1
49228,0,2
49714,1,1
50280,2,0
50734,1,2
50883,0,2
50982,1,0
51085,0,2
51171,1,2
51303,0,1
51808,1,2
52330,2,0
52879,1,2
52963,2,0
53064,1,2
53183,2,1
53281,1,0
53382,2,1
53484,1,0
53718,0,2
53837,1,0
54124,0,1
54445,2,0
54563,0,2
54701,2,1
54903,1,2
55019,2,0
55170,1,2
55287,2,0
55389,1,2
55539,0,1
55789,2,1
56057,1,0
56192,0,2
56410,2,0
56527,1,2
56661,2,0
56728,1,2
56814,0,1
56949,2,1
57049,1,0
57166,0,2
57301,2,1
57386,1,0
57637,0,2
57738,1,2
57788,2,0
57938,1,2
58157,0,1
58272,1,2
58508,2,1
58591,1,0
58675,0,1
58775,1,2
58809,2,0
58893,1,2
58977,0,1
59095,2,0
59198,1,0
60489,2,1
60554,1,0
60673,2,1
60724,0,2
60808,2,1
60859,1,0
60876,0,2
60944,2,1
61013,1,0
61063,2,1
61286,2,1
61369,1,1
61471,2,2
61537,1,1
61640,2,1
61657,0,2
61774,0,2
61908,2,1
62095,1,1
62247,2,2
62446,1,0
62566,0,2
62802,1,0
62938,2,2
63040,1,0
63227,0,2
63360,2,2
63425,1,1
63576,2,1
63779,1,1
64014,0,2
64199,2,1
64383,1,1
64598,0,2
64767,2,1
64851,1,1
64966,2,2
65035,1,0
65136,0,2
65354,1,0
65503,2,1
65721,1,1
65906,0,2
66092,1,0
66329,2,1
66397,1,0
66549,2,2
66768,1,1
66840,2,2
66937,1,1
67089,0,0
67229,2,0
67291,1,2
67374,0,1
67408,2,0
67491,0,1
67508,1,2
67627,1,2
67694,2,0
67846,1,2
68067,2,1
68169,1,0
68370,0,2
68486,1,0
68586,0,2
68704,2,1
68938,1,1
69155,2,2
69356,1,1
69592,2,0
69811,0,1
69913,2,0
70099,1,2
70252,2,1
70318,1,0
70438,2,1
70624,1,1
70789,0,0
71059,1,1
71297,2,0
71529,1,2
71664,0,0
71799,1,1
71900,0,0
72052,2,2
72236,1,1
72403,2,0
72606,1,2
72789,0,0
73241,0,0
73427,2,1
73646,1,0
73761,2,2
74096,2,2
74282,1,0
74486,0,0
75259,2,1
75395,1,1
75479,2,2
75629,1,1
75829,0,2
75979,1,0
76114,0,0
76182,2,2
76248,0,0
76434,2,2
76686,1,2
76838,2,0
76953,1,2
77054,2,2
77104,1,1
77271,2,0
77504,0,0
77588,2,2
77689,0,0
77873,2,0
77941,1,2
78059,2,0
78144,0,0
78144,1,1
78197,2,2
78262,1,1
78262,0,0
78313,2,2
78365,1,1
78365,0,0
78432,2,2
78570,1,2
78570,0,1
78653,2,0
78753,1,1
78854,2,2
79039,1,2
79224,2,0
79341,1,1
79492,2,2
79632,1,2
80065,0,1
80301,1,1
80352,0,0
80453,2,0
80569,0,1
80569,1,2
80736,2,0
80989,1,0
81124,2,1
81360,1,2
81443,2,0
81526,1,2
81627,2,1
81728,1,0
81796,2,1
81897,1,0
82033,0,1
82185,2,0
82348,1,0
82500,1,2
82703,2,1
82769,1,0
83021,2,2
83105,1,1
83510,1,0
83728,2,0
83794,1,2
83911,2,1
83980,1,0
84146,2,0
84379,1,2
84514,2,1
84614,1,0
84781,2,0
84831,0,1
85220,0,1
85522,1,0
85606,2,0
85691,1,2
85892,2,1
86079,0,1
86161,2,0
86261,0,1
86446,2,0
86515,1,0
86950,2,0
87271,1,2
87356,2,1
87439,1,0
87790,0,2
87875,1,2
87992,0,1
88094,1,2
88162,0,2
88252,2,1
88301,1,0
88301,0,2
88382,2,1
88432,0,2
88451,1,0
88500,2,1
88736,1,0
88771,2,2
89059,1,1
89391,1,0
89493,2,1
89560,1,0
89644,2,1
90014,2,2
90215,2,0
90369,1,2
90434,2,2
90520,1,1
90858,1,2
90978,2,0
91162,1,1
91280,2,2
91747,2,0
91932,0,1
92133,2,2
92537,0,0
92639,1,2
92892,0,1
92975,1,0
93478,1,2
93662,1,2
93863,0,0
93948,2,2
94049,0,1
94199,2,0
94318,0,0
94420,1,1
94573,2,2
94742,1,1
94876,2,0
95009,1,1
95111,2,2
95179,0,0
95246,2,2
95298,1,1
95298,0,0
95383,2,2
95434,1,1
95434,0,0
95501,2,2
95567,1,1
95567,0,0
95821,2,0
95905,1,1
95987,2,2
96190,1,1
96359,0,1
96475,1,2
96642,2,2
96845,1,1
96932,2,0
97015,1,2
97287,2,2
97437,1,1
97691,0,1
97893,2,2
98059,1,1
98142,2,0
98397,1,1
98531,0,1
98768,1,2
99019,1,1
99220,2,0
99372,1,1
99491,0,0
99676,1,2
99847,2,2
100008,1,0
100395,0,1
100561,1,2
100697,2,0
100814,1,2
101049,1,2
101285,2,1
101453,1,0
101586,2,2
101688,1,1
101924,2,2
102110,1,1
102309,2,2
102394,1,1
102511,2,2
102562,1,1
102799,2,2
102932,1,0
103215,0,2
103382,1,1
103717,1,1
103968,1,1
104154,1,1
104222,2,2
104522,1,1
104639,2,0
104991,1,2
105161,0,0
105194,1,1
105296,0,0
105817,1,1
106254,1,2
106456,2,2
106658,0,0
106706,2,2
107105,1,2
107556,2,1
107808,1,2
107892,2,0
107960,0,1
107994,1,2
108028,2,0
108097,1,2
108097,0,1
108415,2,0
108653,1,2
108653,0,1
108686,2,0
108737,1,2
108737,0,1
108807,2,1
108872,1,0
108872,0,2
109210,2,1
109664,1,2
109832,2,1
110031,2,0
110133,1,2
110535,0,0
110939,0,1
111121,1,1
111406,2,0
111808,1,2
111994,0,0
112197,1,1
112231,0,0
112315,2,2
112398,1,2
112398,0,1
112500,2,0
112685,1,2
112887,2,2
113088,1,2
113223,2,0
113327,1,2
113426,0,0
113662,1,2
113765,2,0
113981,1,1
114168,1,1
114420,0,0
114591,1,2
114709,2,0
114775,1,1
114876,2,2
115076,1,1
115294,2,2
115362,0,0
115514,1,2
115600,0,1
115682,1,2
115716,0,1
116120,1,2
116519,2,0
116670,1,1
116722,2,2
116788,1,1
116889,2,2
116956,1,1
117042,2,2
117058,1,1
117160,2,2
117262,0,0
117429,1,2
117530,0,1
117649,1,2
117784,0,1
117968,1,1
118068,0,0
118170,1,1
118270,0,0
118440,1,1
118523,0,0
118640,1,1
118743,2,2
118860,1,1
118978,2,0
119063,1,2
119165,2,0
119249,0,1
119384,2,0
119485,0,1
119571,2,1
119688,0,2
119838,2,1
119922,0,2
120039,2,1
120140,0,2
120258,2,1
120410,1,0
120478,0,2
120564,1,0
120680,0,2
120798,1,0
120916,0,2
121070,1,0
121153,2,2
121270,1,1
121387,2,2
121505,0,0
121656,1,1
121758,0,2
121859,1,0
122044,2,2
122095,1,1
122213,2,2
122316,1,1
122434,2,2
122517,1,1
122637,2,2
122770,1,1
122888,2,2
123038,0,0
123158,1,0
123289,0,2
123376,1,0
123577,1,1
123679,2,2
123761,1,1
123894,2,2
124028,1,1
124149,2,2
124229,1,1
124348,2,2
124419,1,1
124515,2,2
124632,1,1
124750,2,0
124851,1,2
125004,2,0
125136,1,2
125236,0,0
125321,1,1
125422,0,0
125541,1,1
125658,0,0
125792,2,0
125911,0,1
126012,2,0
126164,1,2
126298,2,2
126416,1,1
126533,2,1
126717,1,0
126869,2,1
126970,1,0
127071,2,1
127239,1,2
127341,2,0
127425,1,2
127526,2,0
127679,1,2
127746,0,2
127831,1,0
127949,0,2
128067,1,0
128184,0,2
128267,1,0
128402,0,2
128552,1,0
128654,0,2
128756,1,0
128942,0,0
129043,1,1
129144,0,0
129280,1,1
129331,2,2
129466,1,0
129567,2,1
129667,1,0
129818,2,1
129951,1,1
130035,2,2
130152,1,1
130367,0,0
130486,1,0
130552,0,2
130735,1,0
130853,0,2
131005,2,1
131104,1,0
131224,2,1
131341,1,0
131458,2,1
131577,1,1
131644,2,2
131763,1,1
131910,0,0
131994,1,1
132097,0,2
132197,1,0
132317,0,2
132451,2,1
132537,0,2
132672,2,1
132841,0,2
132958,2,1
133142,0,2
133326,2,1
133410,0,2
133495,2,2
133596,0,0
133882,2,2
134085,1,0
134304,2,1
134541,1,0
134806,1,1
134925,0,2
135091,0,2
135174,1,0
135207,2,1
135296,1,0
135308,0,2
135426,2,1
135508,0,2
135508,1,0
135628,0,2
135628,1,0
135880,2,0
136164,1,0
136655,2,1
137158,0,1
137158,1,2
137443,0,1
137511,1,2
137612,2,0
137663,0,1
137998,1,2
138234,2,1
138484,1,0
138753,0,1
139053,1,0
139304,2,1
139372,1,0
139474,2,1
139593,1,2
139710,2,0
139811,1,2
139912,2,1
140011,1,0
140128,2,1
140212,1,0
140365,2,1
140501,1,2
140601,2,0
140703,1,2
140839,2,0
141041,1,0
141074,2,1
141243,2,1
141430,0,2
141547,2,0
141650,0,1
141748,2,0
141883,0,1
142203,2,1
142454,1,2
142723,2,1
142957,1,0
143041,0,1
143129,1,2
143211,0,1
143311,2,0
143445,1,2
143599,2,1
143702,1,0
143837,2,0
144005,1,2
144123,2,1
144342,1,0
144543,2,0
144811,1,0
145046,2,1
145164,1,2
145265,2,0
145333,1,2
145451,2,0
145531,1,2
145634,2,1
145714,1,0
145815,2,1
145898,1,0
145981,2,1
146047,1,0
146098,2,0
146317,1,2
146690,0,2
146791,1,2
146928,2,0
147010,1,2
147111,2,0
147179,1,2
147279,2,1
147462,1,0
147581,2,0
147647,1,2
147748,2,1
148972,2,1
149022,1,0
149208,2,1
149225,1,0
149375,2,1
149425,0,2
149492,2,1
149578,1,0
149578,0,2
149760,2,1
149943,1,2
150026,2,0
150112,1,2
150212,2,0
150262,1,0
150416,2,1
150598,1,2
150784,2,0
150984,1,0
151269,1,0
151472,0,1
151589,1,2
151708,0,1
151811,1,0
151909,0,2
152059,1,2
152295,0,1
152547,2,1
152747,1,2
152950,2,0
153169,1,0
153304,2,1
153423,1,2
153541,2,0
153610,1,2
153694,2,1
153796,1,0
153964,2,1
154233,1,2
154418,2,1
154887,0,1
154970,1,2
155088,0,1
155189,1,2
155257,0,1
155342,1,2
155427,0,2
155528,1,0
155732,0,1
155817,1,2
155900,0,1
155984,2,0
156050,1,2
156068,0,1
156185,2,0
156253,1,0
156371,2,1
156458,1,0
156539,2,0
156588,1,2
156789,2,0
156907,1,2
157007,2,1
157093,1,0
157208,2,0
157443,1,2
157678,1,0
157880,1,2
158281,0,1
158552,1,0
158651,2,1
158735,1,2
158819,0,1
159021,1,2
159072,2,0
159291,1,0
159494,1,0
159663,0,1
160048,2,0
160149,1,2
160268,2,1
160335,1,0
160419,0,2
160504,1,0
160539,2,1
160604,0,2
160740,1,0
160908,1,0
161125,1,0
161310,0,0
161776,2,2
161995,1,0
162077,2,1
162177,1,0
162379,2,1
162846,1,1
163028,1,1
163515,0,2
163686,1,0
163768,0,2
163869,1,0
163971,0,0
164122,1,1
164358,2,2
164492,1,2
164660,2,0
164728,1,0
164830,2,1
165184,1,1
165403,0,0
165505,1,1
165610,0,2
165724,1,0
165875,0,2
166043,1,0
166179,2,1
166263,1,1
166415,2,2
166500,1,1
166583,2,0
166651,1,2
166736,2,0
166803,1,2
166888,2,0
166938,1,2
167056,0,1
167140,1,0
167271,0,2
167372,2,0
167541,1,2
167759,0,1
167860,2,1
168080,0,2
168177,2,2
168581,1,1
168817,0,2
168884,1,0
169003,0,2
169104,1,0
169206,2,1
169526,1,1
169659,2,1
169860,1,0
169961,2,1
170028,1,0
170129,2,0
170196,0,1
170280,2,2
170348,1,1
170348,0,0
170382,2,2
170450,1,1
170450,0,0
170602,2,2
170704,1,1
170721,0,0
170789,2,2
170890,1,1
171009,1,1
171076,2,2
171276,1,2
171377,2,0
171598,1,2
171684,2,1
172048,1,0
172264,0,2
172347,1,0
172432,0,2
172671,1,0
172922,2,1
172988,1,0
173158,2,2
173425,2,2
173425,1,1
173796,2,2
174015,1,1
174098,0,0
174133,1,1
174250,0,0
174423,2,2
174623,0,1
174707,2,0
174995,1,1
175112,2,2
175434,0,0
175721,1,0
175821,2,2
175871,1,1
175972,2,2
176346,1,1
176478,0,2
176563,1,0
176781,2,1
176849,1,0
176951,2,1
177002,1,0
177236,2,1
177438,1,0
177522,2,2
177623,1,1
177793,2,1
178061,2,1
178178,1,0
178527,1,0
178761,0,0
178880,2,2
178963,0,0
179098,2,2
179416,1,2
179502,2,0
179721,1,1
179788,2,2
180276,0,0
180343,2,2
180543,2,2
180829,2,2
181082,1,2
181165,2,0
181334,1,2
181433,2,0
181938,0,0
182005,1,1
182088,2,2
182172,1,1
182188,0,0
182288,2,2
182388,1,1
182388,0,0
182515,2,2
182608,1,1
182707,2,2
182791,1,1
183042,2,1
183211,1,0
183410,2,1
183528,1,0
183630,2,1
183717,1,0
183732,0,2
183817,2,1
183885,0,2
183903,1,0
183972,2,1
184037,1,0
184037,0,2
184089,2,1
184122,1,0
184323,2,1
184424,1,0
184509,2,1
184778,1,1
184879,2,2
185230,2,1
185297,1,0
185382,2,1
185450,1,0
185784,2,2
186018,1,1
186138,2,2
186220,0,2
186457,2,1
186608,0,2
186675,2,1
186861,0,2
187045,2,1
187296,1,0
187480,2,1
187547,1,0
187681,2,2
187883,1,1
188004,0,2
188118,1,0
188267,0,2
188441,0,2
188758,2,2
189346,1,1
189478,2,2
189581,1,0
189665,2,1
189848,1,0
190065,2,2
190284,1,1
190421,2,1
190520,1,0
190604,2,1
190672,1,0
190788,2,1
190855,1,0
190923,1,0
191007,2,1
191092,1,0
191328,2,1
191547,0,2
191699,2,1
191769,1,0
192271,1,2
192775,0,1
193332,1,1
193495,2,0
193848,1,0
194100,1,0
194220,2,1
194287,1,0
194355,2,1
194419,1,0
194486,2,1
194886,1,0
194886,0,2
195426,1,2
195529,0,1
195897,1,2
196017,0,0
196523,1,1
197027,2,2
197295,1,1
197396,2,2
197463,1,1
197547,2,2
197597,1,1
197664,2,2
198066,1,0
198301,0,2
198385,1,0
198487,0,2
198555,1,0
198622,0,2
199059,1,0
199611,2,0
199762,1,0
200063,2,1
200165,1,2
200613,0,2
201136,1,0
201707,1,0
201774,2,1
201841,1,0
201942,2,0
202261,1,2
202362,0,2
202530,0,2
202530,1,0
202631,0,2
202732,1,0
202783,0,2
202851,1,0
203269,2,1
203858,0,1
203943,2,1
204262,1,0
204346,0,1
204899,2,1
205386,1,2
205822,0,1
205905,2,0
205973,1,2
205973,0,1
206041,2,0
206092,1,2
206478,0,1
206749,2,0
206832,1,2
206934,2,0
207000,1,2
207067,2,0
207469,1,2
208592,0,2
