691,0,0
942,0,0
2991,2,2
3614,0,0
4434,2,2
4771,0,0
5075,2,2
5395,0,0
6286,2,2
6737,0,0
8014,2,2
8756,0,0
9375,2,2
10361,0,0
10730,2,0
10915,0,1
11099,1,2
11266,0,1
11417,1,2
11535,0,1
11687,1,2
11821,0,1
11940,1,2
12073,0,1
12193,2,0
12193,1,2
12326,0,1
12427,1,0
12581,0,2
12698,1,0
12832,0,2
12983,1,0
13134,0,1
13270,1,2
13491,0,2
13746,0,2
13846,1,0
14048,0,2
14234,1,2
14506,2,0
14553,0,2
14739,1,0
14891,0,2
14991,1,0
15213,0,2
15312,1,0
15530,0,1
15598,1,2
15801,0,1
15902,1,2
16054,0,1
16152,1,2
16320,0,1
16422,2,0
16455,1,2
16578,0,1
16659,1,2
16810,0,1
16911,2,0
16911,1,2
17027,0,1
17111,1,2
17128,2,0
17247,0,1
17315,1,2
17399,0,1
17484,1,2
17586,0,1
17619,1,2
17720,0,1
17788,1,2
17891,0,1
17939,1,2
18037,0,1
18088,1,2
18190,0,1
18224,1,2
18346,0,1
18377,1,2
18494,0,1
18527,1,2
18695,0,1
18880,0,1
18982,1,2
19134,0,1
19201,2,0
19354,0,1
19487,2,1
19655,0,2
19757,2,1
19841,0,2
19943,2,1
20095,0,2
20250,1,0
20368,0,2
20518,0,2
20601,2,1
20721,0,2
20871,2,1
20921,0,2
21057,2,1
21073,0,2
21209,2,1
21241,0,2
21391,2,1
21509,0,2
21576,2,1
21677,0,0
21780,2,2
21814,0,0
21965,0,2
22168,0,0
22336,0,2
22491,0,2
22707,0,0
22908,0,0
22976,2,1
23146,0,2
23300,2,1
23465,0,2
23615,2,1
23700,0,0
23816,2,1
23902,0,2
24055,1,1
24188,0,0
24287,1,1
24389,0,0
24457,1,1
24538,0,0
24623,1,1
24690,0,0
24791,1,1
24874,1,1
24992,0,0
25142,1,1
25243,0,1
25295,1,2
25396,0,1
25547,1,0
25665,0,2
25766,1,0
25898,0,1
26000,1,2
26084,0,1
26169,1,2
26337,1,2
26404,2,0
26539,0,1
26706,1,2
26825,0,1
26924,2,0
26942,1,2
27093,0,1
27193,1,2
27295,0,1
27411,2,0
27411,1,2
27529,0,1
27597,2,0
27597,1,2
27783,0,1
27917,1,2
27917,2,0
28034,0,1
28105,2,0
28105,1,2
28188,0,1
28253,2,0
28253,1,2
28321,0,1
28370,1,2
28387,2,0
28504,0,1
28606,1,2
28606,2,0
28807,0,1
28974,1,2
29075,0,1
29174,1,2
29325,0,1
29409,1,2
29495,0,1
29560,1,2
29649,0,1
29696,1,2
29864,1,2
30014,0,1
30115,1,2
30233,0,1
30317,1,2
30417,0,2
30668,0,2
30852,0,2
31000,0,2
31100,1,0
31284,0,2
31386,1,0
31488,0,2
31554,1,0
31690,0,2
31840,1,0
31973,0,2
32113,0,0
32229,0,0
32347,1,1
32495,0,0
32596,1,1
32718,0,0
32834,1,1
32885,0,0
32971,1,1
33003,0,0
33105,1,1
33239,0,0
33340,1,1
33406,0,0
33541,0,0
33810,0,0
33928,2,2
33928,0,0
34011,2,2
34112,0,0
34230,0,0
34247,2,2
34332,0,0
34500,2,2
34602,0,0
34725,2,2
34873,0,0
34973,1,1
35073,0,0
35157,1,1
35240,0,0
35326,2,2
35326,1,1
35474,2,2
35474,1,1
35540,0,0
35609,2,2
35609,1,1
35675,0,0
35893,2,2
35893,1,1
36013,0,0
36080,2,2
36080,1,1
36248,0,0
36333,1,1
36350,2,2
36417,0,0
36501,1,1
36650,0,0
36736,2,2
36736,1,1
36820,0,0
36938,2,2
36938,1,1
37038,0,0
37122,2,2
37122,1,1
37190,0,0
37275,2,2
37325,0,0
37444,1,1
37630,0,0
37731,2,2
37868,0,0
37984,2,2
38035,0,0
38121,2,2
38136,1,1
38187,0,0
38238,1,1
38339,0,0
38423,1,1
38423,2,2
38508,0,0
38592,2,2
38592,1,1
38643,0,0
38728,1,1
38728,2,2
38813,0,0
38897,2,2
38897,1,1
38982,0,0
39066,2,2
39066,1,1
39150,0,0
39234,2,2
39337,0,0
39420,2,2
39420,1,1
39521,0,0
39574,2,2
39656,0,0
39808,0,0
39960,0,0
40061,1,1
40176,0,0
40261,1,1
40364,0,0
40430,1,1
40562,0,0
40696,2,2
40696,1,1
40833,0,0
40933,2,2
40933,1,1
41085,0,0
41203,2,2
41203,1,1
41338,2,2
41338,1,1
41423,0,0
41525,2,2
41525,1,1
41575,0,0
41660,2,2
41660,1,1
41761,0,0
41916,2,2
41916,1,1
42030,0,0
42129,1,1
42264,2,2
42265,1,1
42350,0,0
42450,2,2
42450,1,1
42654,0,0
42654,1,1
42738,2,2
42823,0,0
42942,2,2
43027,1,1
43027,0,0
43110,2,2
43262,0,0
43262,1,1
43381,2,2
43484,1,0
43501,0,2
43584,2,1
43702,0,2
43736,2,0
43802,1,2
43802,0,1
43969,1,0
43969,0,2
44054,2,0
44138,1,2
44138,0,1
44322,1,0
44322,0,2
44390,2,1
44456,1,0
44456,0,2
44839,0,2
44908,1,2
44908,0,1
44992,2,2
45060,0,0
45060,1,1
45194,1,1
45211,0,0
45280,2,2
45332,1,1
45332,0,0
45448,2,1
45448,0,2
45531,1,0
45599,2,1
45801,2,1
45953,0,1
45970,1,2
46071,2,0
46171,1,2
46171,0,1
46239,2,0
46322,1,2
46322,0,1
46424,2,0
46492,0,1
46492,1,2
46577,2,0
46628,1,2
46628,0,1
46729,2,2
46795,1,1
46795,0,0
46913,2,2
46962,1,1
46962,0,0
47065,2,2
47165,1,2
47165,0,1
47215,2,0
47283,1,2
47283,0,1
47367,2,0
47435,1,2
47435,0,1
47525,2,0
47586,1,2
47586,0,1
47823,2,1
47939,1,0
47939,0,2
48022,2,1
48207,1,0
48207,0,2
48292,2,2
48377,1,1
48377,0,0
48514,2,2
48580,1,1
48580,0,0
48680,2,2
48715,1,1
48715,0,0
48797,2,2
48898,0,0
48898,1,1
48982,2,2
49032,0,0
49049,1,1
49134,2,2
49218,1,2
49218,0,1
49286,2,0
49353,1,2
49353,0,1
49439,2,0
49489,1,2
49489,0,1
49575,2,0
49639,1,2
49639,0,1
49756,2,0
49756,0,1
49756,1,2
49875,2,0
49892,0,1
49892,1,2
50025,2,2
50076,0,0
50160,2,0
50243,1,2
50243,0,1
50361,0,0
50445,2,2
50581,0,1
50749,1,1
50749,0,0
50801,2,0
50920,1,2
50920,0,1
51038,0,0
51055,1,1
51123,2,2
51189,0,2
51206,1,0
51376,2,1
51443,0,2
51443,1,0
51545,2,1
51629,1,1
51629,0,0
51696,2,2
51746,1,1
51746,0,0
51865,2,1
51915,1,0
51915,0,2
52016,2,1
52068,0,2
52068,1,0
52150,2,1
52320,1,0
52320,0,2
52352,2,1
52437,1,0
52437,0,2
52539,2,1
52640,1,2
52640,0,1
52726,2,0
52793,0,1
52793,1,2
52880,2,0
52997,0,2
53064,2,1
53147,0,2
53147,1,0
53249,2,1
53300,1,0
53300,0,2
53366,2,1
53434,1,0
53434,0,2
53568,1,0
53568,0,2
53653,2,2
53810,1,1
53810,0,0
53923,2,2
54040,0,0
54158,1,0
54158,0,2
54261,2,2
54347,1,1
54347,0,0
54477,1,0
54477,0,2
54595,2,2
54731,1,0
54731,0,2
54848,2,2
54966,0,2
55118,0,2
55268,1,0
55268,0,2
55308,2,1
55420,1,2
55420,0,1
55520,2,0
55571,1,2
55571,0,1
55687,2,0
55721,1,2
55805,1,2
55805,0,1
55872,2,0
55957,1,2
55957,0,1
56057,2,0
56108,1,2
56108,0,1
56210,2,0
56445,2,0
56514,1,2
56514,0,1
56598,2,0
56665,1,2
56665,0,1
56750,2,0
56802,0,1
56803,1,2
57156,2,0
57241,1,2
57241,0,1
57410,1,2
57445,2,0
57665,1,2
57665,0,1
57901,2,0
58035,0,1
58047,1,2
58418,2,1
58517,0,2
58533,1,0
58770,2,1
58872,1,0
58872,0,2
58973,2,1
59073,1,0
59073,0,2
59124,2,1
59174,1,0
59174,0,2
59275,2,1
59326,1,0
59326,0,2
59477,1,0
59494,0,2
59628,1,0
59628,0,2
59797,2,1
59983,1,1
59983,0,0
60051,2,2
60100,1,1
60100,0,0
60269,1,1
60269,0,0
60321,2,2
60410,0,0
60410,1,1
60725,1,1
60725,0,0
60809,2,2
60876,1,1
60876,0,0
61011,2,2
61045,0,0
61062,1,1
61212,0,0
61212,1,1
61311,2,2
61411,1,2
61411,0,1
61549,0,1
61549,1,2
61652,2,0
61731,0,0
61731,1,1
61866,0,0
61967,2,2
62051,1,1
62051,0,0
62169,2,2
62186,1,1
62186,0,0
62286,2,2
62337,1,1
62337,0,0
62460,2,2
62475,1,1
62475,0,0
62594,2,2
62646,0,0
62995,0,0
62995,1,1
63098,2,2
63164,0,0
63165,1,1
63231,2,2
63303,0,0
63303,1,1
63419,2,2
63503,0,0
63606,2,2
63654,1,1
63673,0,0
63721,2,2
63788,0,0
63805,1,1
63907,2,2
63974,1,1
63991,0,0
64058,2,2
64142,1,0
64142,0,2
64227,2,1
64311,1,0
64311,0,2
64396,2,1
64465,0,2
64548,2,1
64582,0,2
64617,1,0
64718,2,1
64785,0,2
64785,1,0
64886,2,1
64937,0,2
64937,1,0
65040,2,1
65136,0,2
65170,1,0
65187,2,1
65288,0,2
65288,1,0
65389,2,1
65456,0,2
65524,1,0
65524,2,1
65659,2,0
65677,1,2
65693,0,1
65745,1,2
65930,1,2
65930,0,1
65981,2,0
66048,0,0
66065,1,1
66133,2,2
66335,2,2
66623,0,2
66724,2,2
66873,1,0
66873,0,2
66991,0,2
67075,2,1
67143,0,2
67243,2,1
67293,1,0
67293,0,2
67394,2,1
67462,0,2
67462,1,0
67545,2,1
67613,0,2
67630,1,0
67715,2,1
67764,0,2
67782,1,0
67849,2,1
67917,0,2
67917,1,0
68000,2,1
68084,0,2
68084,1,0
68151,2,1
68219,0,2
68219,1,0
68520,2,1
68707,0,1
68806,1,2
68891,0,0
69010,1,1
69076,0,0
69161,1,1
69279,0,0
69366,1,1
69432,0,0
69514,1,1
69598,0,0
69783,2,2
69869,0,0
69918,2,2
70104,2,2
70511,0,0
70674,0,0
70674,2,2
70759,2,2
70795,0,0
71079,2,2
71197,2,2
71281,0,0
71398,2,2
71435,0,0
71699,2,2
71817,0,0
72017,0,0
72017,2,2
72102,0,0
72118,2,2
72234,2,2
72336,2,2
72438,2,2
72587,2,2
72688,2,2
72773,0,0
72839,2,2
72989,1,1
73006,2,2
73074,0,0
73312,1,1
73312,0,0
73361,2,2
73462,0,0
73462,1,1
73495,2,2
73596,1,1
73614,2,2
73715,2,2
73984,2,0
74083,0,0
74083,1,1
74184,2,2
74267,1,0
74267,0,2
74336,2,1
74471,2,1
74603,2,2
74603,1,1
74603,0,0
74740,2,2
74807,0,2
74874,2,1
74874,1,0
74874,0,2
75010,2,0
75145,2,2
75145,1,1
75145,0,0
75282,0,2
75282,1,0
75403,2,1
75500,1,0
75500,0,2
75737,1,0
75906,1,1
75906,0,0
76060,2,2
76241,1,0
76241,0,2
76410,1,1
76410,0,0
76528,1,2
76528,0,1
76663,1,2
76663,0,1
76834,1,1
77017,0,2
77188,2,1
77271,1,2
77408,0,1
77508,2,0
77542,1,2
77664,0,1
77780,2,0
77848,1,2
77933,0,1
78017,2,0
78085,1,2
78085,0,1
78436,1,2
78486,0,1
78606,2,0
78606,1,2
78658,0,1
78695,2,0
78695,1,2
78777,0,1
78858,1,2
78879,2,0
78943,0,1
78977,1,2
79079,0,1
79163,2,1
79163,1,0
79262,0,2
79346,1,0
79430,0,2
79582,1,1
79717,0,0
79800,1,1
79851,0,0
79952,1,1
80020,0,0
80088,1,1
80173,0,0
80239,1,1
80341,0,1
80359,1,2
80495,0,1
80579,1,2
80630,0,1
80730,1,2
80865,2,0
80865,1,2
80984,1,2
81051,2,0
81136,1,2
81221,2,0
81305,1,2
81374,2,0
81495,2,0
81628,1,2
81694,2,0
81796,1,2
81830,2,0
81913,1,2
81998,2,0
82100,1,2
82185,0,1
82268,1,2
82352,0,1
82436,1,2
82588,0,1
82690,1,2
82758,0,1
82827,1,2
82962,1,2
83096,0,1
83163,1,2
83281,0,2
83429,0,2
83547,2,1
83649,0,2
83734,2,1
83802,0,2
83869,2,1
83951,0,2
84001,2,1
84086,0,2
84170,2,1
84303,0,2
84437,2,2
84555,0,2
84674,2,1
84794,0,0
84912,2,1
85013,0,0
85114,2,1
85215,0,0
85316,2,1
85433,0,0
85518,2,1
85620,0,2
85721,2,2
85858,0,2
85976,2,2
86077,0,0
86161,2,1
86296,0,0
86397,2,1
86463,0,0
86580,1,1
86733,0,0
86817,1,1
86986,0,0
87056,1,1
87155,0,0
87290,1,1
87373,0,0
87457,1,1
87808,0,0
87977,0,0
88028,1,1
88130,0,0
88213,1,1
88297,0,0
88399,1,1
88482,0,1
88550,1,2
88635,0,1
88735,1,1
88802,0,0
88903,1,1
88988,0,1
89106,1,2
89187,0,1
89289,1,1
89339,0,0
89440,1,1
89506,0,0
89642,0,1
89760,1,2
89811,0,1
89947,0,1
90082,0,0
90197,1,1
90266,0,1
90334,1,2
90435,0,1
90469,1,1
90536,0,0
90638,2,2
90638,1,1
90823,1,2
90944,2,0
90992,1,1
91079,2,2
91247,0,0
91347,2,2
91415,0,0
91549,2,2
91649,0,2
91799,2,2
91852,1,1
92051,0,0
92151,2,1
92303,0,2
92454,2,1
92589,1,1
92707,0,2
92811,2,1
92894,0,2
93127,1,0
93243,0,1
93346,2,0
93413,1,0
93448,0,2
93548,2,1
93616,1,2
93749,2,0
93800,1,2
93899,2,0
93966,1,2
94084,2,0
94150,1,2
94253,2,2
94319,1,1
94336,0,0
94523,2,2
94590,1,1
94590,0,0
94742,1,1
94776,2,2
94881,1,1
94881,0,0
95113,1,2
95449,2,2
95599,1,1
95718,0,1
95835,1,2
95936,0,2
96038,1,0
96122,0,0
96193,1,1
96361,2,0
96529,1,1
96648,2,0
96715,1,2
96835,2,2
96901,1,1
97018,2,0
97085,1,2
97290,1,1
97422,2,0
97493,1,2
97645,2,2
97691,0,0
97759,1,2
97843,2,0
97943,1,1
98043,2,0
98144,1,2
98278,0,1
98431,1,1
98515,0,0
98633,1,2
98737,0,1
98835,1,2
98919,2,2
98991,1,1
99053,2,2
99138,1,1
99222,2,0
99321,1,2
99406,0,0
99524,1,2
99658,0,1
99793,1,1
99946,0,1
99997,2,0
100098,1,1
100202,2,2
100301,1,0
100419,0,2
100554,1,2
100722,2,1
100824,1,0
101211,1,0
101228,0,2
101411,1,2
101445,2,0
101530,1,2
101664,0,2
101764,1,2
101797,2,0
101847,1,2
101983,0,2
102185,2,0
102303,1,0
102407,0,2
102591,2,0
102675,1,2
102878,2,1
102994,1,2
103063,0,1
103248,1,0
103533,2,0
103653,1,0
103868,0,2
104003,2,0
104088,1,2
104273,0,2
104358,2,1
104426,1,0
104649,2,1
104663,0,2
104731,1,0
104851,2,1
104917,1,0
104917,0,2
105068,0,2
105086,1,0
105152,2,1
105203,1,0
105219,0,2
105304,2,1
105388,1,0
105388,0,2
105489,2,0
105540,1,2
105726,1,2
105826,2,0
105893,1,2
105977,2,0
106096,1,2
106096,0,1
106214,0,1
106263,1,2
106365,0,1
106415,1,2
106499,0,1
106734,1,2
106734,0,1
106852,0,1
106971,1,2
107071,0,0
107171,1,1
107304,0,0
107403,1,1
107487,0,0
107571,1,1
107606,0,0
107741,1,1
107808,2,2
107892,1,1
108042,2,1
108110,1,0
108210,0,2
108279,2,1
108478,2,1
108528,1,0
108612,0,2
108796,2,1
108948,1,0
109114,1,0
109282,0,2
109567,2,1
109722,1,2
109841,0,1
109957,2,1
110025,1,2
110159,2,1
110193,0,2
110346,1,2
110399,0,1
110531,2,1
110649,1,0
110733,0,2
110851,2,1
110934,1,0
111018,0,2
111152,2,1
111254,1,0
111321,0,2
111455,2,2
111573,1,1
111675,0,2
111823,2,2
111939,1,0
112007,0,2
112158,2,2
112277,1,0
112394,0,0
112429,2,2
112547,1,0
112616,0,0
112652,2,2
112736,0,2
112784,1,0
112853,2,1
112938,0,1
112938,1,2
113025,2,2
113058,0,0
113159,2,2
113210,1,0
113210,0,2
113292,2,1
113345,1,0
113345,0,2
113444,2,1
113667,0,2
113667,1,0
113883,2,1
113969,1,1
114153,2,2
114204,1,1
114373,0,1
114390,2,0
114491,1,2
114643,2,0
114643,1,2
114878,2,1
114878,1,0
115180,2,2
115283,1,1
115451,2,2
115468,1,2
115669,1,2
115703,2,0
115897,2,1
115897,1,0
116108,1,0
116344,2,0
116362,1,2
116597,2,0
116697,1,2
116950,2,0
117018,1,2
117203,2,0
117203,1,2
117438,2,0
117456,1,2
117721,2,0
118021,2,0
118088,1,2
118289,1,2
118355,2,0
118538,1,1
118692,2,2
118774,1,0
118877,2,1
118942,1,0
119076,0,2
119242,2,1
119326,0,2
119475,2,0
119509,0,1
119711,2,0
119745,0,1
119930,2,0
119998,0,1
120201,2,0
120237,0,1
120470,2,2
120520,0,0
120759,2,1
120823,0,2
121042,2,1
121058,0,2
121261,2,0
121295,0,1
121514,0,0
121514,2,2
121732,1,1
121981,1,0
122066,2,1
122284,1,2
122401,2,2
122554,1,1
122638,2,2
122841,1,0
122841,2,1
123109,1,2
123177,2,0
123362,1,0
123446,2,1
123664,1,0
123764,2,2
123932,1,1
123982,2,0
124167,1,2
124285,2,1
124421,1,0
124470,2,2
124555,0,0
124607,2,2
124808,2,2
124843,0,0
126084,2,2
126084,0,0
126283,2,2
126587,2,2
126840,0,0
127176,0,0
127461,0,0
127645,2,2
127713,0,0
127845,2,2
127913,0,0
128065,2,2
128134,0,0
128336,2,2
128336,0,0
128570,2,2
128638,0,0
128809,2,2
128858,0,0
129008,1,1
129144,2,2
129228,1,1
129362,1,1
129447,2,2
129583,1,1
129666,2,2
129836,1,1
129933,2,2
130068,1,1
130118,2,2
130304,1,1
130521,0,0
130739,2,1
130871,0,2
130973,2,1
131040,0,2
131192,2,1
131228,0,2
131411,2,1
131428,0,2
131632,0,2
131650,2,1
131866,2,1
131901,0,2
132119,2,1
132252,0,2
132388,2,1
132439,0,2
132639,0,2
132824,2,1
132859,0,2
133026,1,0
133177,0,2
133260,1,0
133362,0,2
133510,1,0
133578,0,2
133712,1,0
133797,0,2
133964,1,2
134049,0,1
134197,1,2
134283,0,1
134417,1,2
134502,0,2
134653,1,0
134721,0,2
134938,1,0
135038,0,2
135173,1,0
135222,0,2
135408,0,1
135456,1,2
135589,0,1
135691,1,2
135742,0,1
135893,2,0
135960,1,2
136076,1,2
136160,2,0
136344,1,1
136412,2,2
136595,1,1
136661,2,2
136848,1,0
136931,2,1
137066,1,0
137166,2,1
137268,1,0
137386,2,0
137524,1,2
137557,2,0
137759,1,2
137842,2,0
137961,1,2
138028,2,0
138181,1,0
138262,2,1
138430,1,0
138513,2,1
138680,0,2
138798,2,2
138931,0,0
139016,2,2
139166,0,0
139267,2,2
139416,0,0
139500,2,0
139652,0,1
139703,2,0
139853,0,1
139954,2,0
140105,0,2
140188,2,1
140339,0,2
140406,2,1
140558,0,2
140642,2,1
140793,0,2
140877,2,2
141030,0,0
141098,2,2
141265,0,0
141315,2,2
141483,0,0
141567,1,0
141686,0,2
141736,1,0
141837,0,2
142021,1,0
142054,0,2
142223,1,0
142325,0,1
142461,1,2
142561,0,1
142713,1,2
142780,0,1
142931,1,2
143049,0,0
143166,1,1
143267,0,0
143452,1,1
143518,0,0
143637,1,1
143754,0,2
143888,0,2
144006,1,0
144125,0,2
144207,1,0
144356,0,2
144541,1,2
144660,0,1
144811,1,2
144895,0,1
145030,1,2
145164,0,0
145313,1,1
145397,0,0
145533,1,1
145633,0,0
145784,1,1
145988,0,2
146105,1,0
146223,0,2
146360,2,1
146492,0,2
146695,2,1
146797,0,0
146933,2,2
147017,1,1
147235,2,2
147388,1,0
147488,2,1
147673,1,0
147773,2,1
147925,1,0
148109,2,0
148210,1,2
148363,2,0
148429,1,2
148597,2,0
148799,1,1
148898,2,2
149066,1,1
149165,2,2
149299,1,1
149501,2,1
149619,1,0
149752,2,1
149836,1,0
150003,2,1
150188,1,2
150272,2,0
150440,1,2
150542,2,0
150694,1,2
150912,2,2
151029,0,0
151080,2,2
151147,1,1
151283,2,2
151399,1,1
151484,0,0
151654,2,1
151752,0,2
151871,2,1
151957,1,0
152125,0,2
152227,2,1
152327,1,0
152394,0,2
152511,2,1
152579,1,0
152694,2,1
152745,0,2
152846,2,1
152897,1,0
152897,0,2
153066,2,1
153170,1,0
153170,0,2
153386,1,2
153469,2,0
153553,1,2
153754,2,0
153804,1,2
153923,2,0
154040,1,2
154108,2,0
154192,1,2
154293,2,0
154360,1,2
154478,2,0
154544,1,2
154697,2,0
154763,1,2
154815,0,1
154985,2,2
155018,0,0
155186,2,2
155286,0,0
155419,2,2
155472,0,0
155621,1,1
155772,2,1
155806,1,0
155923,2,1
155992,0,2
156093,2,2
156196,1,1
156314,2,1
156382,1,1
156483,2,2
156585,1,0
156720,2,2
156855,1,0
157022,2,0
157123,1,2
157277,0,0
157459,0,2
157581,2,1
157779,0,2
157862,1,0
158130,0,2
158200,2,1
158286,1,0
158286,0,2
158383,2,1
158466,0,2
158535,2,1
158618,1,0
158702,2,1
158786,1,0
158903,2,0
158971,1,2
159072,2,0
159140,1,2
159241,2,0
159374,1,2
159458,2,0
159524,1,2
159659,2,1
159760,1,0
159896,0,2
160032,1,0
160133,0,2
160300,1,0
160300,0,2
160570,1,0
160570,0,2
160705,1,0
160805,2,1
160956,2,1
160973,0,2
161109,2,1
161195,1,0
161195,0,2
161329,1,0
161330,0,2
161430,2,1
161515,1,0
161600,2,1
161651,1,0
161769,0,2
161869,2,1
161970,1,0
162172,1,0
162324,0,2
162324,1,0
162424,2,1
162527,0,0
162527,1,1
162609,2,2
162676,1,1
162676,0,0
162811,0,0
162930,1,1
163050,0,0
163132,1,1
163217,0,0
163335,1,1
163471,2,2
163537,1,1
163655,2,2
163727,1,1
163789,2,2
163855,1,1
163939,2,2
163988,1,1
164089,2,2
164173,1,1
164241,0,0
164376,1,1
164479,0,0
164579,1,2
164664,0,1
164782,1,2
164884,2,0
164984,1,2
165103,1,2
165221,2,0
165254,1,2
165389,2,0
165460,2,0
165460,1,2
165543,0,1
165659,1,2
165741,0,1
165844,1,2
165945,0,1
166042,1,2
166092,0,1
166175,1,2
166243,2,0
166327,1,2
166476,1,2
166558,2,0
166643,1,2
166727,2,0
166778,1,2
166861,2,0
166929,0,1
167045,1,2
167213,1,2
167314,0,1
167449,1,0
167516,0,2
167653,1,2
167754,2,2
167837,1,2
167988,1,2
168088,2,2
168193,1,2
168275,2,2
168341,1,2
168442,0,2
168577,1,1
168695,2,0
168762,0,1
168863,2,2
168933,1,2
168948,0,1
169049,2,0
169117,1,2
169200,2,0
169269,1,2
169400,2,0
169485,1,2
169602,0,1
169720,2,0
169787,0,1
169940,0,1
169993,2,0
170074,0,1
170141,2,0
170212,2,0
170212,0,1
170362,0,1
170379,2,0
170480,2,0
170614,1,2
170731,2,0
170836,1,2
170952,2,0
171036,1,2
171135,2,0
171237,1,2
171304,2,0
171388,1,2
171507,2,0
171557,0,1
171759,2,2
171876,0,0
172045,1,2
172113,2,2
172213,1,1
172315,2,2
172348,0,0
172498,2,2
172550,1,1
172550,0,0
172720,2,2
172870,1,1
172903,2,2
172954,0,0
173038,2,2
173105,0,0
173139,1,1
173290,1,1
173390,0,0
173490,1,1
173490,2,2
173559,0,1
173624,2,0
173624,1,2
173707,0,1
173758,2,2
173841,0,0
173941,2,0
173958,1,2
174076,0,1
174160,2,0
174160,1,2
174228,0,1
174278,2,0
174278,1,2
174346,0,1
174380,2,0
174380,1,2
174480,0,1
174549,2,0
174549,1,2
174631,0,1
174799,1,2
174917,0,1
175051,2,0
175051,1,2
175138,0,1
175243,1,2
175311,0,1
175355,1,2
175423,0,1
175473,1,2
175557,0,1
175642,1,2
175776,2,0
175794,0,1
175929,1,2
175929,2,0
176046,0,2
176115,2,1
176115,1,0
176198,0,2
176266,2,1
176335,0,2
176436,2,1
176519,1,0
176519,0,2
176653,2,1
176653,1,0
176738,0,2
176804,2,1
176804,1,0
176887,0,2
176921,2,1
176938,1,0
177024,0,2
177074,2,1
177074,1,0
177139,0,2
177210,2,1
177210,1,0
177278,0,2
177278,1,0
177358,2,1
177376,1,0
177559,0,2
177592,1,0
177728,0,2
177728,1,0
177796,2,1
177889,0,2
177889,1,0
177982,2,1
178032,0,2
178032,1,0
178133,2,1
178167,0,2
178183,1,0
178267,2,1
178302,0,2
178302,1,0
178420,2,1
178453,1,0
178453,0,2
178553,2,1
178586,1,0
178586,0,2
178686,2,1
178686,1,0
178838,2,1
178990,0,2
179105,2,2
179272,0,0
179373,2,2
179440,0,2
179541,2,1
179624,0,2
179725,2,2
179880,0,0
179982,2,2
180052,0,0
180150,2,2
180201,0,0
180218,1,1
180337,1,1
180437,2,2
180505,0,0
180522,1,1
180590,2,2
180640,0,0
180640,1,1
180738,2,2
180773,0,0
180773,1,1
180878,2,2
180925,0,0
180925,1,1
181024,2,2
181075,1,1
181075,0,0
181291,2,2
181443,1,0
181443,0,2
181492,2,1
181628,1,2
181679,0,1
181730,2,1
181833,1,0
181833,0,2
181935,2,0
182020,1,2
182020,0,1
182103,2,0
182172,0,0
182172,1,1
182328,2,0
182474,1,1
182474,0,0
182542,2,2
182643,0,0
182643,1,1
182727,2,2
182792,1,1
182792,0,0
182978,0,0
182995,1,1
183096,2,1
183147,1,0
183147,0,2
183267,2,1
183316,0,2
183436,2,2
183502,1,1
183639,2,2
183739,1,1
183739,0,0
183856,2,2
183975,1,1
183975,0,0
184026,2,2
184193,1,1
184193,0,0
184227,2,2
184295,0,0
184448,2,2
184551,0,0
184654,2,1
184700,0,2
184700,1,0
184838,2,1
184924,1,0
184924,0,2
185022,2,2
185106,1,1
185106,0,0
185208,2,2
185293,0,2
185310,1,0
185415,2,1
185495,0,0
185597,2,0
185715,1,2
185917,0,2
185984,2,1
186034,0,2
186086,1,0
186200,2,1
186334,1,0
186334,0,2
186454,2,2
186522,0,0
186607,2,0
186773,1,1
186773,0,0
186824,2,2
186908,1,1
186908,0,0
187010,2,2
187177,2,2
187311,1,1
187447,2,2
187447,1,1
187464,0,0
187617,1,1
187752,1,1
187752,0,0
187871,2,2
188006,1,1
188021,0,0
188173,1,1
188190,0,0
188258,2,2
188341,0,0
188358,1,1
188443,2,2
188511,0,0
188528,1,1
188613,2,2
188715,0,0
188715,1,1
188817,2,2
188884,1,1
188884,0,0
189002,2,2
189168,2,2
189456,2,2
189572,1,1
189572,0,0
189707,2,2
189791,1,1
189791,0,0
189891,2,2
190024,0,0
190024,1,1
190109,2,2
190177,1,1
190177,0,0
190313,2,2
190431,2,2
190533,0,0
190533,1,1
190631,2,2
190683,1,1
190683,0,0
190783,2,2
190884,0,0
190901,1,1
191000,2,2
191155,2,2
191155,1,1
191274,0,0
191527,2,2
191632,0,0
191730,2,2
191830,0,0
191847,1,1
191915,2,2
191998,0,0
192101,2,2
192202,0,0
192369,2,2
192404,0,0
192604,2,2
192723,0,0
192939,2,2
193057,0,0
193159,2,2
193430,0,1
193599,2,1
193833,1,0
193984,2,1
194069,0,2
194069,1,0
194168,2,1
194219,0,2
194219,1,0
194319,2,1
194371,0,2
194371,1,0
194471,2,1
194590,1,0
194625,0,2
194711,2,1
194760,0,2
194861,2,2
194982,1,1
194982,0,0
195030,2,2
195165,0,0
195165,1,1
195249,2,2
195319,1,1
195319,0,0
195403,2,2
195703,0,0
195720,1,1
195804,2,2
195871,0,0
195888,1,1
195939,2,2
196227,1,1
196227,0,0
196312,2,2
196405,0,0
196405,1,1
196481,2,2
196531,0,0
196532,1,1
196852,0,0
196852,1,1
196961,2,2
197004,0,0
197004,1,1
197105,1,2
197223,0,1
197324,1,0
197324,0,2
197442,2,1
197458,1,0
197594,2,1
197594,1,0
197594,0,2
197727,1,1
197846,2,0
197863,1,2
197863,0,1
197998,0,1
197998,2,0
198014,1,2
198116,2,0
198148,1,2
198148,0,1
198252,1,2
198252,2,0
198533,0,1
198550,1,2
198634,2,0
198751,0,1
198801,1,2
198835,2,0
198903,0,1
198903,1,2
199107,1,2
199107,0,1
199241,2,0
199291,0,1
199307,1,2
199374,2,0
199611,1,2
199611,2,0
199611,0,1
199729,2,0
199780,0,1
199780,1,2
199882,1,2
199900,2,0
200119,1,2
200119,0,1
200203,2,0
200287,0,1
200287,1,2
200372,2,0
200471,0,1
200471,1,2
200587,2,0
200706,1,2
200706,0,1
200824,2,0
200890,0,1
200890,1,2
200976,2,0
201079,1,2
201079,0,1
201298,0,1
201298,1,2
201480,0,1
201480,1,2
201546,2,0
201646,1,2
201646,0,1
201696,2,0
201830,1,2
201830,0,1
201882,2,0
201989,2,0
201989,1,2
201989,0,1
202103,2,0
202118,0,1
202118,1,2
202235,2,0
202235,1,2
202455,2,0
202471,1,2
202471,0,1
202605,2,0
202705,0,1
202705,1,2
202788,2,0
202922,1,2
202922,0,1
203041,2,0
203177,0,1
203177,1,2
203246,2,0
203363,0,1
203363,1,2
203497,1,2
203919,2,0
204004,1,2
204004,0,1
204120,2,0
204188,0,1
204188,1,2
204287,2,0
204423,0,1
204423,1,2
204525,2,0
204727,1,0
204727,0,2
204779,2,1
204915,0,2
204915,1,0
205015,2,1
205149,1,0
205166,0,2
205283,2,1
205369,1,1
205369,0,0
205436,2,2
205570,0,2
205586,1,0
205671,2,1
205704,1,0
205721,0,2
205839,2,1
205888,1,0
205905,0,2
206024,2,1
206024,1,0
206024,0,2
206192,1,0
206192,0,2
206430,0,2
206515,2,1
206699,0,2
206733,2,1
206950,0,2
207001,2,0
207185,0,1
207270,2,0
207404,1,2
207521,2,0
207656,1,2
207724,2,0
207892,0,1
208009,2,0
208193,0,1
208379,2,0
208429,0,1
208664,2,0
208664,0,1
208884,2,0
208998,0,1
209133,2,0
209317,0,1
209469,1,2
209587,0,1
209741,1,2
209825,0,1
209975,1,2
210060,0,1
210228,0,1
210347,1,1
210517,0,0
210584,1,1
210752,0,0
210819,1,1
210988,0,0
211021,1,1
211211,0,0
211292,1,1
211463,0,0
211463,1,1
211681,0,2
211748,1,0
211903,0,2
211951,1,0
212138,2,1
212205,1,0
212356,2,1
212590,1,0
212674,2,1
212840,1,0
212891,2,1
213094,1,2
213145,2,0
213332,1,2
213397,2,0
213567,1,2
213648,2,0
213799,1,2
213817,2,0
214051,1,2
214135,2,0
214286,1,1
214370,2,2
214510,1,1
214591,2,2
214710,1,1
214794,2,2
214913,0,0
215095,1,1
215213,0,0
215385,1,1
215450,0,0
215619,1,2
215770,0,1
215925,1,2
216023,0,1
216172,1,2
216240,0,1
216376,1,2
216407,0,1
216594,0,1
216692,1,2
216879,0,1
216928,1,2
217113,0,2
217180,1,0
217334,0,2
217400,1,0
217554,0,2
217601,1,0
217769,0,2
217954,2,1
218039,0,2
218206,2,1
218273,0,2
218425,2,1
218526,0,2
218662,2,2
218728,0,0
218898,2,2
218965,0,0
219150,2,2
219184,0,0
219369,2,0
219452,0,1
219587,2,0
219672,0,1
219842,2,0
219909,0,1
220095,0,0
220194,2,2
220348,0,0
220414,2,2
220584,0,0
220652,2,2
220839,0,2
220872,2,1
221009,0,2
221075,2,1
221241,0,2
221358,2,1
221476,0,2
221560,2,1
221746,0,2
221864,2,0
221981,1,2
222283,0,1
222385,1,2
222520,0,1
222571,1,2
222706,0,1
222706,1,2
222909,1,2
223095,0,1
223111,1,2
223262,1,2
223364,0,1
223431,1,2
223550,0,1
223768,0,1
223904,1,2
224005,0,1
224088,1,2
224155,0,1
224239,1,2
224340,0,1
224441,1,2
224642,0,1
224725,1,1
224879,0,0
224963,1,1
225082,0,2
225183,1,0
225318,0,2
225419,1,0
225537,0,2
225586,1,0
225754,0,0
225788,1,1
225971,0,0
226038,1,1
226189,0,0
226494,0,0
226512,2,2
226745,2,2
226948,0,0
226999,2,2
227198,2,2
227215,0,0
227418,0,0
227519,2,2
227655,0,0
227705,2,2
227889,0,0
228039,2,0
228140,0,1
228227,2,0
228359,0,1
228393,2,0
228578,0,1
228679,2,0
228831,0,1
228864,2,0
229050,1,2
229152,2,0
229302,1,2
229352,2,0
229554,1,2
229571,2,0
229774,1,2
229841,2,0
229891,2,0
230026,1,2
230075,2,0
230194,1,2
230331,2,0
230399,1,2
230547,2,0
230598,1,2
230767,1,2
230800,2,0
230900,1,2
231022,2,0
231154,1,2
231255,2,0
231405,1,2
231473,2,0
231624,2,0
231676,1,2
231910,0,1
232094,1,2
232176,0,1
232378,1,2
232446,0,1
232648,2,0
232833,0,1
232916,2,0
233084,0,1
233150,2,0
233336,2,0
233505,2,0
233623,2,0
233756,2,0
233857,2,0
234059,0,1
234244,0,1
234360,0,1
234494,0,1
234611,0,1
234778,0,1
234980,2,0
235064,0,1
235215,2,0
235300,0,1
235501,2,0
235668,0,1
235750,1,2
235901,0,1
235984,1,2
236168,0,1
236337,0,1
236439,0,1
236625,1,2
236709,0,1
236910,1,2
237095,0,1
237328,0,1
237428,1,2
237547,0,1
237749,0,1
237868,0,1
238069,0,1
238086,1,2
238221,0,1
238355,1,2
238457,0,1
238559,1,2
238611,0,1
238779,0,1
238914,0,1
239166,2,0
239271,0,1
239367,2,0
239485,0,1
239570,2,0
239654,0,1
239903,0,1
240005,0,1
240123,2,0
240123,0,1
240413,0,1
240616,0,1
240713,2,0
240781,0,1
240883,2,0
240965,0,1
241053,2,0
241135,0,1
241354,1,2
241354,0,1
241439,2,0
241486,0,1
241503,1,2
241591,2,0
241660,1,2
241660,0,1
241742,2,0
241792,1,2
241792,0,1
241975,1,1
242077,2,2
242162,1,1
242332,2,0
242486,2,2
242585,1,1
242718,0,1
242837,2,0
242941,1,2
243057,1,1
243211,1,1
243379,1,2
243496,2,0
243615,1,1
243751,1,1
243887,1,2
243904,0,1
244121,1,2
244222,0,0
244306,1,1
244457,0,0
244558,1,2
244659,0,1
244778,1,1
244878,0,0
244979,1,2
245098,2,2
245162,1,1
245281,2,0
245353,1,2
245501,2,2
245567,1,1
245684,2,0
245786,1,1
245887,2,0
245989,1,1
246090,2,2
246209,1,1
246362,1,0
246362,2,1
246513,2,1
246597,1,0
246715,2,2
246816,1,1
246902,2,1
247003,1,0
247121,2,2
247222,1,1
247340,2,2
247442,1,1
247595,0,0
247696,1,1
247797,0,0
247897,1,1
248015,0,0
248134,1,1
248218,0,0
248336,1,1
248422,0,0
248520,1,1
248604,0,0
248740,1,1
248774,0,0
248858,2,2
249027,0,0
249197,0,0
249214,1,1
249380,2,2
249380,0,0
249463,0,0
249563,2,2
249645,0,0
249782,1,1
249897,2,2
250000,1,1
250067,0,0
250151,2,2
250252,0,0
250371,2,2
250455,1,1
250623,0,0
250674,2,2
250809,0,0
250944,2,0
251012,1,2
251147,0,1
251248,2,0
251349,1,2
251450,0,1
251702,1,2
251801,2,0
251919,1,2
251936,0,1
252086,2,0
252154,1,2
252220,0,1
252420,2,0
252504,1,2
252577,0,1
252707,2,0
252759,1,2
252759,0,1
252943,2,0
252977,1,2
252992,0,1
253192,2,0
253210,1,2
253328,0,1
253496,2,0
253530,1,2
253598,0,1
253767,2,0
253784,1,2
254003,0,1
254223,2,0
254240,1,2
254240,0,1
254423,0,1
254440,1,2
254440,2,0
254661,2,0
254745,1,2
254745,0,1
254964,2,0
255066,1,2
255066,0,1
255284,0,1
255300,2,0
255419,1,2
255537,0,1
255672,2,0
255758,1,2
255842,0,1
255961,2,0
256045,0,1
256281,1,2
256347,0,1
256567,0,1
256802,0,1
257050,0,1
257050,1,2
257236,0,1
257319,1,2
257537,1,2
257553,2,0
257806,2,0
257806,1,2
258056,2,0
258073,1,2
258327,1,0
258344,2,1
258630,2,2
258764,1,0
258917,1,0
259087,2,1
259219,1,2
259370,2,0
259370,1,2
259586,0,1
259721,1,0
259855,0,2
259939,1,0
260092,0,2
260125,1,0
260327,1,1
260444,2,2
260645,1,0
260662,2,1
260899,1,0
260916,2,1
261134,0,2
261168,1,0
261403,0,0
261488,2,2
261556,1,1
261556,0,0
261755,2,2
261840,1,1
261925,2,1
262043,1,0
262144,2,1
262229,1,0
262398,2,1
262449,1,0
262534,1,0
262585,2,1
262755,0,2
262822,1,0
262938,0,2
263108,1,0
263158,0,2
263241,1,0
263459,0,2
263574,1,0
263658,0,2
263809,1,0
263927,0,2
264029,1,0
264114,0,2
264299,0,2
264433,2,1
264586,0,2
264667,2,1
264753,0,2
264769,1,0
264919,2,1
265005,0,2
265123,2,2
265257,1,1
265358,2,2
265443,1,1
265561,2,2
265645,1,1
265713,2,2
265815,0,0
265965,2,2
266066,0,0
266150,2,2
266300,1,1
266403,2,1
266485,1,0
266659,2,1
266737,0,2
266838,2,1
266940,0,2
267041,2,1
267109,0,2
267209,2,1
267276,1,0
267445,0,2
267583,1,0
267631,1,0
267647,0,2
267799,1,0
267866,0,2
267969,1,0
268100,0,2
268185,1,0
268386,2,1
268504,1,0
268587,2,1
268672,1,0
268774,0,2
268874,1,0
268993,0,2
269078,1,0
269212,0,2
269295,1,0
269397,0,2
269565,1,0
269663,0,2
269747,1,0
269781,2,1
269916,0,2
269968,2,1
270084,2,1
270135,1,0
270169,0,2
270270,2,1
270371,0,2
270457,2,1
270541,0,2
270642,2,1
270743,1,0
270844,2,1
270912,1,0
271011,2,1
271095,1,2
271195,2,0
271298,0,2
271381,2,1
271481,0,1
271631,2,0
271699,0,1
271817,1,2
271835,2,0
272002,1,2
272051,0,1
272152,1,2
272219,0,1
272335,1,2
272470,1,0
272470,0,2
272554,2,0
272689,1,2
272807,2,1
272890,1,0
273026,2,1
273128,1,2
273212,2,0
273365,1,2
273514,0,2
273631,1,0
273699,0,1
273782,1,2
273901,0,2
273986,2,1
274087,1,2
274205,2,0
274287,0,2
274304,1,0
274372,2,0
274472,0,1
274572,2,1
274657,1,0
274825,2,1
274876,0,2
274992,2,1
275126,1,0
275242,0,2
275328,2,2
275445,1,0
275530,2,1
275597,0,0
275682,2,2
275734,1,1
275734,0,0
275833,2,2
275900,1,1
275900,0,0
276019,2,2
276119,1,1
276288,2,2
276354,1,1
276422,0,0
276608,2,2
276710,1,1
276845,0,0
276979,1,1
277046,2,2
277131,1,1
277314,2,2
277414,1,1
277431,0,0
277515,2,2
277617,1,1
277634,0,0
277718,2,2
277785,0,0
277802,1,1
277955,2,2
278054,1,1
278054,0,0
278138,2,2
278239,1,1
278289,2,2
278374,1,1
278491,0,0
278574,2,2
278742,0,0
278827,2,0
278928,0,1
279076,1,2
279209,0,1
279276,1,2
279496,2,0
279613,1,2
279680,2,0
279781,1,2
279883,2,0
279933,1,2
280085,2,1
280187,1,0
280288,2,1
280407,1,2
280508,2,0
280576,1,0
280692,2,1
280810,1,2
280959,2,0
281109,1,2
281193,0,1
281295,2,0
281295,1,2
281413,0,1
281515,2,0
281583,0,1
281583,1,2
281682,2,0
281715,0,1
281715,1,2
281831,2,0
282052,1,2
282150,0,1
282201,2,0
282284,0,1
282301,1,2
282385,2,0
282453,0,1
282453,1,2
282537,2,0
282604,1,2
282604,0,1
282705,2,0
283209,1,2
283612,0,1
283846,1,2
284014,2,0
284499,1,2
284617,0,1
285001,1,2
285322,2,2
285507,1,2
285709,0,0
285878,1,1
286046,2,2
286366,1,2
286738,0,1
286958,1,2
287112,2,2
287263,1,2
287449,0,1
287786,1,2
288104,0,0
288322,2,0
288505,2,2
288640,2,2
288824,1,0
289176,0,0
289563,0,2
289764,0,2
289915,0,2
290066,0,2
290268,1,0
290570,2,2
290823,1,0
290992,0,0
291177,1,0
291330,1,0
291499,1,2
291682,2,0
292002,1,1
292374,0,0
292559,0,0
292712,0,0
292865,0,0
293066,1,2
293387,2,0
293603,1,1
293771,1,1
293975,0,0
294176,0,1
294378,1,2
294566,2,2
294716,0,0
294831,1,1
294865,2,2
294982,1,1
295149,0,0
295250,2,2
295450,1,0
295634,0,2
295832,1,1
296001,2,2
296119,1,1
296287,0,0
296417,1,1
296584,2,2
296741,1,0
296920,0,2
297105,1,0
297207,2,1
297341,1,0
297543,0,2
297678,2,1
297831,1,0
297997,0,0
298149,1,1
298303,2,2
298400,1,1
298535,0,0
298668,1,0
298887,1,0
298987,0,2
299089,1,0
299274,0,2
299409,1,0
299561,0,0
299679,1,1
299829,0,0
300015,2,2
300184,0,0
300302,2,2
300471,0,0
300589,2,2
300740,0,0
300858,2,2
300975,0,0
301111,2,2
301212,1,1
301347,2,2
301449,1,1
301584,2,0
301719,1,2
301853,2,0
301938,1,2
302089,2,0
302173,0,1
302307,2,0
302426,0,2
302544,2,1
302678,0,0
302867,2,2
302964,0,1
303066,2,0
303183,1,2
303338,0,0
303419,1,1
303538,0,0
303724,2,2
303839,1,1
304007,0,0
304192,1,1
304360,2,0
304400,0,1
304527,2,0
304595,1,2
304730,2,0
304812,1,2
304945,2,0
305013,1,2
305147,2,0
305231,1,2
305367,2,2
305469,1,1
305571,2,2
305655,1,1
305757,2,2
305857,1,1
305957,2,2
306058,1,1
306176,2,2
306261,1,1
306346,2,2
306464,1,1
306464,0,0
306600,1,1
306699,0,0
306799,1,1
306901,0,1
306986,1,2
307088,0,2
307189,1,0
307275,0,2
307374,1,0
307458,0,2
307577,1,0
307710,0,2
307793,1,0
307881,0,2
307996,1,0
308064,0,2
308147,2,2
308265,0,2
308349,2,1
308502,0,2
308622,2,0
308752,0,0
308819,2,2
308904,0,0
309006,2,2
309108,0,0
309191,2,2
309259,0,0
309377,2,1
309410,0,2
309510,2,1
309562,0,2
309663,2,1
309714,1,0
309814,2,1
309864,1,0
309964,2,1
310048,1,0
310118,2,1
310183,1,0
310234,2,1
310323,1,0
310407,2,1
310439,1,0
310538,2,1
310589,1,0
310689,2,1
310740,1,0
310840,2,1
310890,1,0
311026,2,1
311043,1,0
311142,2,1
311175,1,0
311244,1,0
311345,2,1
311444,0,2
311614,2,1
311767,2,1
311818,0,2
311834,1,0
311919,2,1
312021,1,0
312140,2,1
312156,1,0
312156,0,2
312275,2,1
312325,1,0
312359,0,2
312427,2,1
312511,0,2
312511,1,0
312610,2,2
312680,1,1
312680,0,0
312848,0,1
312848,1,2
312950,2,0
313001,0,1
313018,1,2
313101,2,0
313184,0,1
313202,1,2
313286,2,0
313353,0,1
313437,2,0
313523,0,1
313608,2,0
313676,0,1
313846,1,2
313861,2,0
313979,2,0
314064,1,2
314230,1,2
314329,2,0
314464,1,0
314599,2,2
314667,1,1
314788,2,2
314900,1,1
314951,2,2
315086,0,0
315201,2,2
315235,0,0
315339,2,2
315423,0,0
315474,2,2
315574,1,1
315691,2,2
315932,0,0
316030,2,2
316164,2,2
316199,0,0
316298,2,2
316433,2,2
316433,1,1
316637,1,1
316805,0,0
316805,2,2
316904,2,2
316970,1,1
316971,0,0
317055,2,2
317171,1,2
317171,0,1
317222,2,0
317289,1,0
317391,2,2
317561,1,2
317576,0,1
317644,2,1
317695,1,0
317695,0,2
317778,2,2
317878,0,0
317964,2,2
318047,0,2
318047,1,0
318131,2,0
318216,0,1
318301,2,2
318317,1,1
318436,2,2
318520,0,0
318554,1,1
318690,2,2
318721,1,1
318721,0,0
318806,2,2
318891,0,0
318891,1,1
318994,2,2
319045,0,0
319130,2,2
319230,1,1
319230,0,0
319366,2,2
319402,1,1
319451,0,0
319503,1,1
319648,2,2
319771,0,1
319790,1,2
319923,2,0
320073,1,2
320124,2,0
320208,1,2
320208,0,1
320325,2,1
320376,0,2
320527,1,0
320593,2,1
320743,2,1
320743,1,0
320743,0,2
320881,0,2
320895,2,1
320895,1,0
321013,1,0
321149,2,1
321198,1,0
321317,2,1
321317,1,0
321317,0,2
321452,2,1
321470,1,0
321470,0,2
321655,2,0
321672,1,2
321672,0,1
321741,0,1
321791,2,0
321908,1,2
322025,0,1
322092,2,0
322228,0,1
322312,2,0
322396,1,2
322480,0,1
322514,2,0
322613,0,0
322613,1,1
322787,0,2
322787,1,0
322932,1,0
322932,0,2
323050,2,1
323118,0,2
323118,1,0
323287,2,1
323303,1,0
323303,0,2
323439,0,2
323439,1,0
323472,2,1
323608,1,2
323608,0,1
323726,2,0
323746,0,1
323746,1,2
323930,2,0
323930,1,2
323930,0,1
324098,2,2
324181,1,1
324181,0,0
324383,2,2
324400,1,1
324435,0,0
324604,2,2
324621,1,1
324621,0,0
324789,0,2
324806,2,1
324806,1,0
325009,0,2
325009,1,0
325091,2,1
325194,1,0
325194,0,2
325378,2,1
325395,0,2
325395,1,0
325549,2,1
325566,1,0
325566,0,2
325734,2,2
325751,1,1
325751,0,0
326037,0,0
326054,1,1
326072,2,2
326221,0,0
326221,1,1
326255,2,2
326456,0,0
326473,2,2
326473,1,1
326693,1,1
326693,0,0
326707,2,2
326859,0,0
326893,1,1
326995,2,2
327028,0,0
327045,1,1
327129,2,2
327264,1,0
327396,2,1
327513,0,2
327630,0,2
327630,1,0
327630,2,1
327747,2,1
327914,2,1
327914,1,0
327931,0,2
328048,1,0
328048,2,1
328065,0,2
328184,0,2
328201,1,0
328217,2,1
328352,2,1
328352,1,0
328369,0,2
328504,2,1
328623,2,0
328741,0,1
328759,1,2
328910,2,0
329028,0,1
329046,1,2
329145,2,0
329398,1,2
329398,0,1
329515,2,1
329601,0,2
329601,1,0
329683,2,1
329767,0,2
329767,1,0
329868,2,1
329985,0,2
330005,1,0
330136,2,1
330320,2,1
330437,1,0
330437,0,2
330521,2,1
330589,1,0
330589,0,2
330725,2,1
330911,1,0
331094,1,2
331094,0,1
331094,2,0
331244,2,0
331329,0,1
331361,1,2
331463,2,0
331580,1,2
331580,0,1
331749,2,0
331831,0,1
331831,1,2
331969,2,0
332188,1,2
332356,2,0
332541,1,2
332657,2,0
332760,1,2
332860,2,0
333096,1,2
333179,2,0
333263,1,2
333380,1,2
333397,2,0
333549,2,0
333549,1,2
333683,2,0
333837,1,2
333837,2,0
333934,0,1
334052,2,0
334152,0,1
334288,2,0
334338,0,1
334508,2,0
334541,0,1
334727,2,0
334727,0,1
334928,0,1
334928,2,0
335083,2,0
335165,0,1
335268,2,0
335317,0,1
335403,2,1
335539,2,1
335539,0,2
335670,1,0
335944,2,1
335975,1,0
336111,1,0
336127,2,1
336262,2,1
336279,1,0
336432,1,0
336432,2,1
336598,1,0
336632,2,1
336766,1,0
336918,2,1
337003,1,0
337136,2,1
337203,1,0
337388,2,1
337407,1,0
337574,2,1
337774,0,2
337858,2,1
337943,0,2
338095,2,1
338161,0,2
338313,2,1
338363,0,2
338481,2,1
338547,0,2
338648,2,2
338666,0,0
338799,0,0
338901,2,2
338936,0,0
339055,2,2
339289,0,0
339446,2,2
339491,0,0
339608,2,2
339710,0,0
339810,2,2
339910,0,0
340060,2,2
340077,0,0
340246,2,2
340483,0,0
340500,2,2
340602,2,2
340686,0,0
340786,2,2
340888,1,1
341008,2,2
341092,1,1
341211,2,2
341311,1,1
341395,2,2
341480,1,1
341578,2,2
341713,1,1
341845,2,0
341948,1,2
342097,2,2
342097,1,1
342366,2,2
342367,1,1
342499,1,1
342499,2,2
342633,1,1
342651,2,2
342769,2,2
342921,1,1
343004,2,2
343106,1,1
343189,2,2
343290,1,1
343393,2,2
343441,1,1
343543,2,2
343748,2,2
343748,1,1
343881,2,2
343965,1,1
344083,2,2
344168,1,1
344319,2,2
344386,1,2
344537,2,0
344622,1,2
344824,2,2
344875,1,1
345092,2,0
345226,1,1
345411,2,2
345428,1,1
345630,2,0
345764,1,1
345884,2,2
345933,1,1
346137,2,0
346254,1,1
346372,2,2
346389,1,1
346574,2,0
346708,1,1
346860,2,0
346877,1,2
347093,0,1
347262,1,1
347416,0,0
347500,1,1
347619,0,0
347687,1,1
347854,0,0
347957,1,0
348106,0,2
348222,1,0
348389,0,2
348423,2,1
348676,0,2
348828,2,1
349097,1,1
349130,2,2
349333,2,1
349416,0,2
349433,1,0
349586,2,1
349675,0,2
349675,1,0
349788,2,1
349854,1,0
349989,2,0
350074,1,2
350191,2,1
350242,1,0
350277,0,2
350410,2,1
350461,1,0
350461,0,2
350545,2,0
350613,0,1
350699,2,0
350785,0,1
350850,2,1
350916,1,0
350933,0,2
351069,1,2
351186,2,0
351253,1,0
351343,2,1
351487,1,0
351670,2,2
351670,1,1
351821,1,0
351854,2,1
352005,2,1
352023,0,2
352224,2,0
352308,1,2
352410,2,1
352495,1,0
352664,0,1
352897,0,0
352897,1,1
352997,2,0
353099,1,2
353116,0,1
353215,2,2
353283,1,1
353451,0,1
353637,1,1
353770,2,2
353787,0,0
353871,2,2
353938,1,1
353938,0,0
354022,2,2
354107,1,1
354124,0,0
354208,2,2
354241,1,1
354344,2,2
354428,1,2
354496,2,0
354664,2,2
354752,1,1
354817,0,2
354968,1,1
355116,0,2
355167,1,0
356951,1,2
357706,0,1
358783,2,0
358916,2,0
359151,2,0
359369,2,0
359588,2,0
359791,2,0
359959,2,0
360177,2,0
361654,0,1
363549,1,2
366439,2,1
